1241 1269 1625 1834 2003 2012 2085 2088 2348 239 255 279 2862 3 3061 3218 3338 3502 3587 3672 3996 401 4555 75 938 
1156 1897 2053 2924 3211 3247 384 3931 3992 4 4049 4072 444 576 580 700 737 82 907 
1059 1524 1621 1645 1677 1861 189 196 2735 3012 3257 3470 3643 47 534 6 
1229 127 1331 1367 1462 1518 1928 1985 216 2253 2322 252 2738 3059 3108 3152 3296 354 3615 3768 3828 3841 390 4158 4176 4568 4654 4687 4705 4707 4763 4880 494 923 
1033 106 1192 1309 1668 1753 1827 2947 3305 3315 3609 3898 3999 4063 4080 4135 4150 423 4530 4541 7 710 990 
1016 1109 1149 1271 160 2021 230 2600 2629 2711 2863 3197 3279 3557 3667 3980 4122 4128 4292 4503 4613 4646 4710 4717 4721 522 582 74 9 
1021 1040 1051 1095 1098 11 1134 1177 1184 1259 1285 1364 1386 1420 1460 1497 1635 1713 1906 194 1946 2009 2026 2027 2043 2209 2215 2292 2306 2387 2480 2483 2622 2624 2631 2641 2698 2727 273 2736 2748 2844 2891 2940 2951 2952 297 2983 3168 3196 3209 3228 3265 3341 3386 3418 3467 3507 3558 3571 3626 3627 365 367 3741 382 3984 4005 4102 4114 4123 4138 4182 4233 4261 4279 4291 4303 4338 4369 4390 4448 4551 462 4652 4675 4802 4894 4957 4973 4996 631 648 740 783 897 913 951 991 
10 1441 1809 1880 201 2413 2518 2552 2688 2789 2972 3018 302 3246 3269 3488 3561 3866 4467 4499 4648 4666 470 4756 4844 4861 4879 4884 4945 4953 817 
1034 12 1258 1401 1457 1859 1948 2290 2416 2956 326 364 3807 3829 3877 3943 4334 4476 4507 4681 4714 4720 4776 4801 4816 524 623 
134 1507 1612 1811 1913 1943 1997 2015 2071 2105 2138 2239 2444 2687 272 2890 3505 3510 3622 3983 4057 4272 4278 4349 4362 4485 4487 4749 4922 4937 592 848 
14 1404 1588 1674 1678 1839 2032 2137 2168 2546 2547 2841 2921 3183 3229 3328 3431 3750 3760 3776 3888 3987 4110 4235 436 4376 4404 4421 4644 4743 4789 4872 4919 4997 555 587 739 980 
1376 15 1606 2075 21 220 2606 2685 2755 2815 293 301 3016 3102 3111 3192 3445 350 3515 3548 3631 3692 4113 4228 4260 4557 4603 4628 4811 486 4883 4891 765 933 
1044 1118 1165 1253 1266 1274 1300 1310 1391 1463 161 1671 1719 1739 1761 1878 1914 1979 1984 2231 2343 2601 2763 2784 2790 2829 2875 2899 2986 3014 3149 3353 3389 360 3743 3755 3789 3879 3881 410 4311 433 4357 437 4385 440 4415 4533 4661 4752 480 4871 4911 515 526 60 613 615 649 692 
1194 1230 1373 1413 17 1733 2103 2138 217 2201 2246 2249 2363 2366 2625 2730 2802 3050 311 3465 3679 3729 3839 3867 3913 3921 4030 4077 409 4342 4343 4358 4414 4429 4622 4651 4685 4769 4838 4974 4977 506 61 645 
1043 1089 1138 1224 1242 1277 146 1472 157 1598 1663 1675 1695 1755 1794 18 1825 1835 1850 1867 1869 1915 1921 1981 2010 2040 2128 2141 224 2242 2274 2302 2318 237 241 2468 2471 2553 2613 269 2849 2856 2868 2898 2958 296 3001 3123 334 3363 3486 3575 3594 361 3695 373 4144 4194 4234 4236 4309 4361 4407 4420 4453 4459 4470 4496 4517 4596 4643 4706 4723 4773 4832 4893 4990 605 614 625 65 674 851 869 929 954 
1041 1074 1218 1595 1597 1737 1812 1873 1876 19 1930 2031 2059 2095 2160 2183 2275 2767 2846 2872 3020 3223 3275 3451 3484 3530 3559 3635 3685 39 3904 3962 4053 4119 4137 4191 4230 4472 448 4569 4586 4868 4905 4909 626 781 880 963 
1250 1252 1395 1399 1446 200 214 2166 2195 22 2283 2400 2405 2646 2677 3019 3212 3785 4082 4248 4298 4370 469 4758 829 943 957 988 
1186 1245 1425 1498 1590 1672 1720 1789 1803 1814 1826 1836 1978 198 2144 2396 24 2647 2690 2713 282 2903 313 3404 3602 3735 3780 3845 404 4050 4064 4183 4259 4286 4346 4602 4625 4751 4813 711 
1620 2260 2516 2535 2605 2674 2765 3021 3119 3131 3288 34 346 3613 3654 3930 3958 3974 3978 53 
1029 1189 1379 1536 154 1785 1856 1868 2111 2156 2263 2389 2461 2512 26 2731 3208 3411 349 3498 3810 383 3850 4012 4212 4244 4256 4265 430 4345 4468 4580 4839 4908 4958 519 59 813 903 93 
1004 1372 1426 1447 1608 1988 2076 2268 2299 2325 2537 27 2944 3193 3313 3495 3577 3664 3765 4419 4486 4631 4794 4822 51 551 735 89 
123 148 1613 1792 2090 2381 2406 2580 2720 2738 28 2979 3080 3136 3409 3413 377 4157 4353 438 4552 4608 546 690 814 876 
1038 131 1561 1589 1622 1665 1841 1977 1987 2073 2279 2360 2570 2585 2616 2703 2710 2732 30 3455 3847 4285 4380 4718 4722 4821 4837 4865 4938 57 603 702 752 966 
1535 1581 2102 2139 231 2314 2455 2995 3182 3403 3474 3528 3720 418 514 590 
1384 1431 2018 208 2276 2469 2550 2673 2746 3068 3094 3284 35 3531 3547 3660 3804 3822 3858 4120 4263 4441 4549 4673 485 691 792 
1003 1008 101 1028 1063 1065 1100 1115 1154 1198 1265 1296 1330 1333 1377 1378 138 1509 1615 1659 1688 1797 1833 1837 184 1883 1986 1993 1994 20 2050 2087 2096 210 2113 2199 2229 2289 2308 2332 2371 2464 2465 2473 2517 2522 2542 2564 2588 2595 2645 2670 2693 2708 2785 2808 2950 2959 3026 307 320 321 3271 329 3291 3327 3373 3429 3441 3497 36 373 3763 3893 3941 4047 4056 4106 4130 4131 4163 4174 427 44 459 461 463 4658 4753 4818 4867 487 4917 4951 4963 497 4988 536 595 599 612 640 658 747 754 769 814 83 850 910 952 977 
112 1360 1565 178 188 195 2151 2369 2457 2517 2797 2854 2913 2920 3000 3075 3079 3286 3316 3432 3457 3522 3629 37 3954 406 4146 4175 4289 4312 4333 4411 4513 4678 4693 4819 4853 4969 50 701 927 
1334 1465 1626 1702 1907 2662 2681 2743 2955 2985 3226 3337 3424 3477 3523 3659 3783 3794 4154 4186 4222 4364 4701 4808 4847 541 556 720 774 849 942 
1558 1639 1657 1877 1927 2108 2123 2458 2521 2557 2643 2810 2885 2957 2969 3167 317 3494 3606 3787 381 3868 3919 3923 3939 4028 4055 4088 4096 4178 4271 4359 4393 4426 4443 4559 4604 4900 4956 575 666 998 
1015 1093 111 1116 1173 1264 1337 1346 1512 1557 1646 1918 1978 1990 2051 2052 2161 2167 2217 2236 2270 2274 2328 2412 2612 2671 2723 2798 2807 2858 3041 3056 3073 3205 322 3321 3711 3806 3831 3886 4018 4083 41 4170 4425 4442 4455 4554 4634 4656 466 475 484 4846 4851 4870 4936 558 593 688 830 
1011 1017 1027 1079 1169 1327 1342 1344 1345 1424 1479 1546 1744 1806 1973 1998 2099 2106 2204 2272 2326 2359 2417 2485 2600 2618 2753 2811 3003 319 3198 3371 3375 3378 3745 3855 3861 3869 3882 3890 4093 42 4397 4417 4524 4539 4545 4825 4859 5 55 607 617 62 659 744 767 768 816 868 
1144 1410 1454 1767 1977 2159 2264 2649 2814 312 3237 3395 3423 3818 3827 3832 3837 4211 429 4317 4403 4480 4542 46 4618 4635 4748 4797 4841 537 741 840 910 964 
1101 1680 1779 1949 2109 2190 23 2329 2350 2367 2495 2531 254 2619 266 2764 2778 280 2887 2960 2968 3110 3135 3270 3293 3391 3469 357 3665 3714 3756 4069 412 4124 4223 4227 4332 4337 4363 4399 4454 451 4583 4679 4788 4970 660 804 
1436 2033 2221 2257 2584 3031 3085 3526 3873 3993 4081 4098 4169 4216 4273 4281 4350 4402 455 456 4567 4587 528 609 867 931 
1007 1053 1055 1081 1139 1199 1202 1283 1347 1412 1505 1517 1522 1604 1643 167 1684 1732 179 1881 1916 1931 2107 2131 2165 2196 2205 2264 2316 2335 2362 2372 2398 2420 2421 2446 2450 2452 2507 2566 2598 270 2718 2876 2907 3045 3052 3184 3203 3204 3273 3324 3331 3479 3544 3551 3600 3747 4195 4365 441 443 4536 454 4683 4716 4766 478 4834 49 4915 4921 4984 511 545 704 81 819 861 947 994 997 
1541 1800 1890 1912 2011 2637 2825 2857 2937 32 3272 3343 630 762 790 
1086 1110 1214 1232 1255 1287 1385 1528 1599 1681 1724 2110 2121 2265 2716 2766 2891 2901 3200 3545 3791 3940 4205 4241 4242 4432 4434 4514 4601 4627 4680 4765 4941 54 685 712 989 
1026 1031 1039 1118 1126 1145 1149 1165 1220 1477 1519 1540 1545 1594 1609 1611 165 1660 173 1761 1818 1845 1884 1910 193 2025 2029 2091 2117 2194 2231 2312 2324 2337 2338 2339 2350 2365 2391 2456 250 2513 2514 2587 2673 2693 2724 2726 2870 2877 2908 2973 2978 2993 2996 3039 3055 3086 3147 3151 3268 328 3309 3334 3489 3539 3572 3675 3706 3724 3728 3820 4078 421 4318 433 437 4540 457 4584 4708 4843 4983 515 526 58 615 649 670 730 785 789 812 911 940 973 
102 1288 1349 1445 1649 1676 1679 1715 1722 1777 1823 2140 2162 2313 2393 2430 245 25 2632 2662 2769 2834 2962 2977 33 3322 3384 3410 3449 3618 3630 3759 3814 3924 4031 416 417 4336 4389 4416 4484 4508 4556 4727 4998 636 64 802 90 978 
1560 1584 2307 2376 2383 2433 2551 2709 2725 2945 3095 3222 3519 3576 3697 3843 3950 4202 4204 4525 4558 4598 4663 4784 67 882 
1097 1143 1147 133 1335 2046 2062 2068 2331 2411 2449 3023 3126 3357 3607 3624 3634 3699 3799 4002 4061 4118 4240 4387 4406 4449 4500 4902 4971 573 68 709 883 
1032 1485 2176 2723 2770 2783 3104 3115 3300 3317 3388 339 3427 380 387 4019 4020 4304 4307 759 788 
1045 1158 1175 1225 1340 1592 1765 177 180 1971 2206 2238 2404 2543 2626 277 2801 2916 2980 3091 3145 3240 3299 3365 3461 3462 3506 3599 3669 3678 37 3704 3734 3757 3792 3957 4021 4052 4100 4166 4246 4383 4519 4740 4835 4952 4976 4981 533 566 684 70 715 761 773 835 
1014 1068 1085 1097 1228 1434 1486 170 1709 2223 229 2377 2470 2836 3146 3329 352 3723 3727 3812 3857 3975 4046 4095 4489 4647 4731 4742 72 797 
1078 1099 1640 1714 2179 2247 2392 2623 2636 2756 3064 3101 3325 3540 3673 407 4136 4188 425 4280 4284 4339 4344 4373 4384 4424 4458 4589 4592 4593 4595 4734 4771 4782 4913 4918 4991 507 560 564 624 66 723 73 87 902 
1219 1315 1529 1875 2061 2202 2482 2496 2532 3066 3482 3696 372 3910 4011 4017 4025 4039 4045 4322 857 884 
103 1129 1151 1161 1299 1305 1308 1328 1343 1534 1627 1660 1670 1730 174 1747 1821 185 1891 1900 1945 1975 2039 2124 2126 2134 2185 2214 225 227 2419 2443 2447 2466 2522 2554 2560 2603 2752 2777 2818 2830 3036 3109 314 3185 3215 3245 3277 3320 3412 3414 3568 3574 3656 368 3703 3771 386 3947 3971 3998 4016 4112 4117 422 4250 4258 4422 4516 4535 4633 4660 4703 4806 4959 498 548 572 641 662 728 77 771 872 924 
1236 147 240 2451 2690 2747 2780 2791 2819 3124 3224 3252 3511 3709 4060 414 4308 4331 4410 4413 4492 726 78 863 
107 152 1691 1941 2375 2656 271 2999 3422 3800 502 629 634 681 79 843 
1136 1215 1776 2 2126 218 2356 2706 2976 3261 3370 3762 3781 733 794 799 896 
1160 1188 1191 1293 1383 1406 1433 1502 1537 1648 172 1754 2252 260 2776 2787 2832 3033 305 3181 3326 3360 3536 3844 3991 4084 4185 4288 434 4351 4412 4523 4538 4793 4903 4928 714 803 85 875 
1030 1351 1542 1563 1784 2010 2157 2181 2321 2382 2463 247 3566 357 3578 3662 3885 3891 3897 400 4323 4379 4563 4730 4767 4869 563 583 655 665 682 846 88 
1139 155 1550 1710 1771 2154 2203 2219 2248 2425 2503 2569 2666 3084 3178 3302 3405 3644 3645 3851 3906 4101 4139 4156 4394 4590 4655 4711 4737 4772 482 4888 594 732 811 823 987 
1106 1322 1407 1791 1802 2136 2158 233 2394 2497 2567 2799 3002 3444 3452 3795 3846 3875 3973 4037 4126 4141 4187 426 4315 4446 4465 4664 468 4856 4955 818 
1005 104 1121 1123 1128 1179 1181 1272 1276 1397 1398 1513 1526 1577 1670 1764 1775 1936 2072 2092 2097 2291 2298 2301 2477 2510 2617 2655 2660 2680 2714 2833 2837 2859 2910 294 3065 3097 3160 3188 3366 3442 3702 3766 3777 3905 4068 4076 4107 4671 4709 4746 48 4940 4967 4989 665 689 743 837 889 91 916 949 970 
129 1290 1359 1388 1421 1516 1518 1534 1572 1664 1992 2184 2291 2340 2370 2459 2475 2480 2500 2525 2626 2700 2729 2762 2855 2909 2934 3169 3172 3231 3362 3396 3487 3535 3543 3555 3596 4153 4290 4553 4561 460 4713 4768 4845 4882 4972 554 565 574 680 92 941 983 
1137 1449 1506 1586 1999 2167 2373 246 2784 2811 2838 2894 2954 3364 3478 38 3955 4048 4245 4295 4340 4462 4502 4610 4939 501 520 542 696 827 836 894 93 
1050 1113 115 1180 130 1409 1616 1653 169 1755 1843 1852 1862 1870 1903 1950 1991 2216 2396 2536 2579 2615 290 3010 3063 3153 3161 3207 335 343 3501 3534 3581 3687 391 3968 4023 4177 4210 4277 4325 4326 4360 4388 4527 4576 4606 471 4778 4827 4833 4864 558 667 694 729 842 864 921 94 95 985 
1000 1092 1132 120 1203 1217 1231 1243 1311 1353 1380 1402 1414 1892 1904 1955 202 2041 2147 2182 2267 2533 2565 2608 2609 2620 2631 2759 286 2915 3074 309 3114 3162 3175 3194 3262 3274 3385 3435 3601 3690 388 396 4007 4132 4179 4214 4269 4537 4591 4744 4779 4780 4785 4799 4804 4910 4914 4985 4994 544 646 652 71 757 784 847 855 
118 1206 139 1474 1496 2408 2592 2601 3009 325 3840 3852 394 637 713 969 
1 100 108 1256 1287 1292 1294 140 1428 143 1501 1559 1711 1718 1742 1813 182 192 1965 203 2034 2038 2058 2074 2116 2119 212 2132 2225 2355 2361 2545 2621 267 2705 2761 29 2942 2984 2988 3049 3089 3139 3235 3242 337 3490 3586 3610 3641 3764 405 4147 4164 4190 4452 4481 4581 4614 4667 4777 4929 4949 4980 791 815 86 982 
1018 1064 1081 1089 1156 117 119 1213 1233 1281 1289 1291 1355 146 1482 1487 1499 1515 1532 1571 158 1601 1608 1610 1663 1698 1706 1781 1825 1831 1869 1887 1910 193 1963 1968 1981 1989 1993 2017 2022 2064 2093 2121 2153 2200 223 2233 2261 2281 2379 2424 2431 2468 2471 2483 2493 2582 2632 2684 2769 2839 2861 2926 2928 296 3006 3096 3140 3143 3186 3202 3210 325 3367 337 3453 3496 3527 3617 3684 3770 3786 3815 3964 4033 411 4115 4203 4231 4378 4478 4548 4747 4798 4810 4840 4881 4932 4982 517 596 668 76 866 929 944 986 
1071 1096 114 1298 1324 1343 1408 1430 1439 1452 1547 1605 1654 166 1957 229 2426 2486 2831 3092 3332 3387 3430 3552 3556 3620 3698 371 3892 3920 3977 4040 4111 4209 4440 4464 4501 4609 4704 4842 4887 4964 734 805 893 
1155 116 1332 1393 1656 1882 2174 2266 2354 2561 2745 276 2812 3133 3306 3433 3901 3911 4024 4200 447 4512 4565 4573 4640 4764 4786 4890 4892 4895 4943 4947 703 725 
1025 1164 1419 1527 1756 2044 2056 2230 3015 3250 420 620 871 912 
1102 1263 1316 1703 213 215 2388 242 243 2462 2479 2498 3397 3872 3938 3997 4109 4165 4268 4328 4375 4382 4491 4547 4585 4621 4668 952 
122 1286 1306 1389 1478 1494 1766 1830 2060 2105 232 2519 2657 2682 2750 2758 3128 3234 3425 3651 4495 450 961 
1094 1148 124 1244 1395 1438 1453 1641 1686 1729 1736 1790 1799 191 1951 1952 1966 2002 2049 2155 2207 2208 2293 2347 2351 2572 2597 2628 2806 2997 2998 3004 3098 3213 331 3420 3492 3517 3621 369 4140 4243 4249 4445 4463 4566 4572 4611 464 465 4692 488 4907 4934 4942 499 503 512 540 557 672 738 919 945 
1240 2194 2424 2492 2501 2679 2904 3027 3117 3220 3358 3583 3691 3842 638 772 810 
1313 1442 1448 1630 2409 2511 48 749 833 908 
1108 125 1326 2080 2198 2254 2262 228 2764 3076 3464 348 3598 3773 798 967 
1002 1087 1088 1114 126 1301 132 1543 1662 1828 1853 2323 2600 2773 3035 3319 3371 3929 4283 4418 445 4488 4570 4630 4676 675 760 
1302 135 1624 1808 2285 2415 2583 3024 3251 333 3346 3475 3592 3642 3742 3774 378 3797 3889 389 3989 4220 4297 4316 4469 4992 505 510 549 592 885 992 
1057 1100 136 1655 1701 1822 20 2317 2493 274 2792 3137 3164 3180 3216 341 3518 3712 3749 3819 3912 3936 397 4085 4184 4427 4437 4577 4691 4695 4848 4965 628 965 
1076 1105 1141 1153 1182 1318 1371 142 1428 1464 1467 1504 1549 1552 1626 1673 1762 1848 1854 1914 1959 2141 2188 221 2282 2310 2441 2448 2639 2704 278 2835 2837 2878 2885 3134 3253 3392 3554 3710 3753 3830 4041 428 4305 4391 4431 4461 4498 4698 4702 4783 4849 491 4995 518 622 651 717 845 917 922 974 
1013 1207 1257 144 1504 1812 1885 1901 2079 2177 2429 2502 2528 2630 2668 2779 2873 2884 3727 3878 3918 3969 399 4001 4006 4168 419 4195 4218 4225 4266 4306 435 4594 4605 4612 4637 4712 4863 4920 602 654 705 756 
1130 1355 2028 2127 2241 2336 2751 2793 285 2869 3125 336 3456 3514 3562 3588 3593 3649 3811 3915 4022 4099 4208 4544 4562 
1015 113 1370 1386 1424 1435 149 153 1544 1708 1744 1806 1908 1925 2150 2186 2188 2326 2334 2422 2485 2535 2602 2618 263 2775 2827 3177 319 3206 3603 3681 3746 3872 3934 4321 4433 4436 4626 4638 4649 4757 4824 4866 4946 4978 5000 55 617 664 679 744 767 816 99 
1159 1205 1211 1280 150 1511 1580 1694 1735 1786 1793 2008 2081 2130 2135 2190 2258 2362 2384 2438 2470 2712 2757 2867 2914 2943 2944 2964 3060 31 3107 3244 3438 3628 366 3917 3988 3995 4004 4059 4091 4293 43 4367 4447 4560 4579 4697 4726 4732 4736 4775 492 4933 516 618 736 748 779 808 809 
1314 1455 1500 151 1942 2244 226 2353 2489 2734 2800 2840 3379 3512 3686 3701 3744 3782 3865 3965 3966 3990 4035 4201 4274 4294 4479 4629 4696 4878 4889 529 591 671 750 
1077 1107 1150 1575 2112 2145 2193 2197 2435 2505 2699 2842 2865 3030 3214 3666 3949 4071 4145 4226 4366 707 
1454 159 1745 1934 2067 2142 2152 2288 2487 2559 281 2970 3132 3170 3354 3372 3549 3564 3652 3668 3722 3909 4143 4270 4662 4682 553 561 981 
1069 1562 1566 2069 2442 2474 2558 2661 2826 292 2927 3156 3348 3447 3640 3680 3751 4171 4206 4215 673 
1054 1261 1489 168 1888 1980 2143 2170 2399 262 3057 324 3249 3282 3368 398 4038 4207 4217 
1120 1515 1743 2057 207 2245 2304 2467 2548 2604 2694 323 3401 3922 467 755 827 904 
1125 1235 1323 1741 182 1860 2491 2578 2911 2949 2990 3336 3399 3443 3614 3784 3925 3967 4070 4079 4313 4450 
1104 1234 1687 1778 1780 186 1962 1989 2240 2508 2523 2707 2781 2848 2866 318 3217 3716 3721 4034 4094 4104 4148 4624 4728 4735 939 
1090 1195 1212 123 1475 1669 1700 1723 1807 1810 187 211 2178 265 275 2805 2886 303 3339 3619 3647 3798 3824 3853 3874 3880 3916 3956 4058 4167 4348 4504 4715 4754 4790 4873 4916 4924 4927 597 80 825 982 
1022 105 1065 1080 1129 1197 1209 121 1221 1226 1247 1290 1317 1381 1394 1459 149 1495 1510 1514 1585 1596 1623 1666 1707 1865 1872 197 2004 2030 204 2083 2114 2125 2140 2226 224 2306 2320 2386 2399 2410 2432 2538 2549 2576 2616 2669 2687 2689 2717 2760 2782 2795 2816 2824 2895 291 2981 2989 3054 3138 3171 3359 3393 351 3524 3525 3567 3570 3808 3834 3856 3864 3870 3952 4108 4172 4193 4310 4368 4430 4505 462 4636 4686 4699 4923 4954 4986 547 570 650 676 683 826 834 895 953 956 983 
1278 1282 1339 1530 1579 1716 1738 199 206 2251 2484 2596 2651 2874 3266 3402 3738 402 415 4275 4327 4543 4588 742 841 850 
1176 1284 1338 137 1593 1628 1683 1717 1901 1911 1956 2027 2054 2088 2112 2149 2316 2504 2594 2659 2692 2768 2882 2897 298 3072 3077 3083 3473 3480 3541 3825 3961 4008 413 4134 4149 4253 4314 4352 4400 4632 4642 4860 4950 632 766 782 900 
1048 1062 1075 110 1193 1237 1312 1329 1356 1361 1440 1486 1491 1521 1523 1525 1567 1587 16 162 1631 1652 1658 1675 1682 1689 1692 1701 1740 1751 1832 1835 1921 2037 224 2242 2271 2277 2287 2318 2319 234 238 241 2553 2564 2771 280 2852 2853 2860 2939 2974 2987 3032 3038 304 3142 3173 3189 3199 3264 3298 3301 3303 3318 332 3344 3472 3481 3521 3579 3597 3653 3657 3682 3717 3718 3775 3883 3960 3976 4009 4129 4296 4355 4392 4497 4511 458 472 4725 474 4755 4762 4961 4968 4979 523 579 588 621 625 635 647 65 695 718 758 775 800 807 839 851 869 874 886 905 909 915 918 955 96 985 
1142 1227 1429 1533 1629 2309 2395 2675 3011 3053 310 330 3674 3739 3871 4161 600 716 786 937 
1047 1060 1172 1176 1204 1268 1273 128 1303 1320 1366 1403 157 1578 1600 1617 1642 1650 1667 1690 1697 1721 1768 1812 1823 1838 1871 1904 1917 1920 1926 1933 1939 1953 1965 2024 2045 2055 2077 2098 2128 2171 219 2218 2228 2281 2296 23 2357 2453 2464 2515 2571 2573 259 2610 2611 2621 264 2648 2672 2696 2744 2774 2804 2817 2822 284 290 2918 2966 2975 299 300 3051 3127 3144 3241 3267 3342 3349 3376 3394 3408 3416 3417 3426 3437 3459 3460 3516 356 3582 3677 3779 4003 4042 4054 4133 4238 4301 4372 4428 4456 4510 4520 4531 4550 4650 4807 481 4852 489 4931 509 52 527 559 568 581 584 627 639 687 708 715 722 777 793 8 824 891 906 946 959 995 
1009 1279 1685 1849 1937 222 2221 2358 2593 2627 287 3292 3612 3884 406 4192 4199 925 975 
1046 1052 1119 1319 1493 1551 1619 2007 2341 244 2556 2586 2871 2883 3087 3752 3769 3887 3913 3959 3994 4086 4189 4237 439 4515 4600 4607 476 4885 4899 525 578 608 657 
1063 1526 1539 1820 1961 2089 2169 248 2508 2520 2591 2881 3017 3078 3255 3436 358 3616 3793 3896 403 4051 4282 4398 4659 490 
1152 1321 1350 1430 1712 1728 1847 1858 1982 1983 1996 2137 2437 249 2683 2719 2737 2741 2813 2922 3005 3158 3310 3345 344 3463 3585 3736 3895 3903 3982 4074 4097 4159 4247 4299 4330 4356 4528 4669 4741 477 4795 4826 543 611 727 821 934 
1019 1028 1049 1115 1200 1265 1423 1578 1618 1705 1758 1783 1895 1919 1969 2036 2042 205 2087 210 2113 2237 2345 2363 2406 2454 251 2542 2634 2635 2739 2809 2917 2959 3022 3046 3233 3259 3271 329 3356 3733 3928 3932 3986 4065 431 442 4439 4574 461 4774 4836 4876 4966 599 721 747 751 794 960 
1061 1146 1157 1855 2023 2155 2279 268 3157 3201 3219 3256 3655 3737 449 452 604 753 
1131 1297 1769 1842 2349 2368 2555 316 3450 3454 3533 3580 3708 3926 4160 4181 424 4371 4473 589 844 873 950 
1006 1117 1374 1531 1752 1760 1774 1902 2047 2227 2303 2847 289 2965 3069 3159 3289 3493 3646 3648 3661 3953 3979 4013 4267 4276 4405 4518 4599 4657 686 
1020 1070 1135 1152 1163 1187 1196 13 1362 1400 1450 1468 1490 1553 1574 1651 171 1726 1742 1772 1795 1815 1841 1923 1970 1985 2049 2085 2094 2212 2280 2309 2378 2427 2534 2544 261 2650 2672 2733 283 2912 2931 2946 2948 295 2961 2982 3062 3163 3174 3187 3195 3285 3351 3509 3553 3563 3565 3589 3639 3767 3805 3833 3860 3900 3970 4043 4090 4116 4125 4444 4522 4724 4944 538 539 586 610 643 656 699 719 745 805 859 879 901 97 972 
1051 1067 1090 1177 1218 1222 1246 1258 1259 1282 1285 1364 1396 1418 1420 1437 145 1451 1469 1548 1646 1757 1788 1864 1866 1886 1894 1909 1929 2005 2026 2066 2215 2301 2418 2434 2509 2540 2541 2590 2652 2664 2722 2744 2754 2936 2938 2940 2951 2952 3028 3029 308 3100 3166 3191 3308 3361 3390 3407 3411 3637 3740 3761 3859 3894 4087 4173 4224 4354 446 4482 4738 4760 4874 4875 4897 4935 504 531 780 783 831 84 890 991 
1082 1185 1573 1922 2344 2436 2563 2584 2991 3374 3520 3638 63 887 979 
1103 1254 1816 1846 1851 1938 2172 2180 2401 2439 2786 2880 3047 3121 3458 3503 3532 3590 4029 4036 4341 4623 4677 4739 642 663 838 993 
1208 1371 1893 1926 1932 2035 2211 2294 2330 2377 2529 2589 2919 3034 338 3380 3400 3439 3446 3836 4044 4335 4521 4770 4787 569 858 936 
1066 1394 1484 1555 1614 1676 1693 1773 181 1879 2022 2187 2305 2526 2640 2896 2953 3106 340 3591 3604 3731 3796 3907 395 4000 4062 4239 4302 4409 4451 4641 4653 473 4800 4809 4817 4820 4877 801 853 948 
1035 1096 1171 1251 1365 1405 141 1417 1444 1480 1520 1583 1603 1634 1874 1940 2048 2176 2189 2250 2352 2398 2407 2445 2467 2487 2562 2828 3090 3116 3150 3415 342 3466 347 3537 3608 363 3636 371 372 3809 393 3935 4015 4162 4254 4582 4781 4803 4828 4855 4912 532 655 670 764 879 962 971 
1012 1037 1387 1415 1458 1492 1554 156 1734 1824 1840 1857 1906 2001 2006 2186 2364 2428 2494 2497 2568 2667 2887 2923 3165 3280 3290 3331 345 3500 3529 353 355 3595 3632 3688 385 3948 4103 4155 4329 4466 4620 4926 5 530 778 854 862 877 968 
1010 1140 1166 1174 1248 1257 1432 1576 1584 1763 1782 1935 1972 2000 2003 2013 2104 2210 2213 2346 2440 2658 2663 2963 3093 3239 3312 3352 3355 3381 3560 3573 3578 3658 3707 3788 3816 3914 3942 3951 4219 4264 4287 4381 4490 4509 4750 4896 4906 4948 4975 585 675 763 776 856 888 920 
1036 1083 1476 1924 1954 1964 2506 3044 3227 3546 374 3813 3838 3902 3945 3963 408 4251 4255 4300 432 4374 4408 4475 4506 4534 4791 4814 4854 4858 4862 633 
1127 1178 163 1699 2146 2164 2269 2273 2721 3043 3605 3670 3689 370 550 56 
1084 1341 1759 2539 2701 2772 2925 3013 3238 3254 453 878 881 
1056 1077 109 1183 1210 1223 1275 1352 1357 1358 1366 1369 1390 1416 1483 1556 1564 1582 1632 1637 164 1642 1650 1863 1899 1917 1944 1947 1958 2016 2019 2022 2032 2045 2082 209 2120 2133 2175 2220 2255 2256 2284 2311 2315 2333 2357 236 2374 2397 2472 2476 256 2564 257 2575 2644 2655 271 2715 2820 2843 306 3067 3105 3130 3148 315 3155 327 3294 3311 3340 3369 3406 3421 3468 3569 3748 3758 376 3801 3899 392 4014 4213 4347 4493 4575 4719 481 4830 4886 493 495 496 4962 4987 513 562 567 568 644 687 69 787 796 8 806 847 860 898 914 930 965 
1602 1647 1661 1750 1805 1884 2084 2086 2691 2702 2705 2749 2902 3070 3347 4027 4032 535 601 
1470 1644 1719 1801 2224 2385 2402 2653 2740 3236 3419 3483 3504 3550 3584 4089 4232 483 577 697 946 
1023 1304 1375 1382 1481 1508 1569 1607 1844 1974 2115 2183 2286 2403 2460 2577 2599 2665 2686 2742 2794 2851 2864 2933 3260 3281 3663 3694 3772 4151 4324 4386 4423 4438 4474 4477 45 4529 4645 4684 4792 4796 4930 706 722 853 865 976 984 996 
1112 1162 1960 2200 2232 2235 2295 235 2821 3048 3122 3542 3633 3803 3937 3972 4196 500 928 
1072 1201 1354 1363 1473 1689 1995 2013 2020 2173 2906 2930 3513 3693 3713 3817 3823 4571 4616 4670 4689 4733 4759 4857 552 606 678 698 926 
1040 1122 1216 1348 1392 1570 1722 1889 1967 1968 2014 2297 2414 2754 2777 2823 2879 2888 2889 3008 3120 3129 3230 3491 3719 3876 3927 4471 4729 4761 4898 571 
1001 1042 1058 1060 1111 1124 1167 1170 1262 1268 1295 1368 1427 1488 1490 1502 1527 1636 1638 1713 1725 1727 1748 175 1770 1786 1787 1796 1804 1817 1829 183 1875 1896 1980 1997 2070 2095 2107 2122 2129 2191 2222 2239 2246 2259 2300 2352 2360 2380 2390 2438 2478 2486 2488 2490 253 2530 258 2611 2638 2697 2845 2850 288 2900 2992 2994 3042 3071 3081 3112 312 3154 3179 3221 3225 3243 3287 331 3311 3323 3350 3377 3383 3440 3538 3625 3627 3676 3700 375 3835 3849 3854 3862 3946 3985 40 4010 4073 4105 4127 4198 4252 4396 4460 4483 4526 4617 4619 4665 4688 4812 4829 4850 4904 4925 4999 505 521 598 616 669 693 820 828 832 836 852 870 892 899 98 999 
1027 1307 1439 1456 1513 1704 1749 2192 2321 2642 2678 2788 2885 2932 3103 3276 3297 3335 3715 3730 3792 4067 4075 4152 4180 4197 4221 4435 4578 4615 4639 4700 4745 4805 4901 677 
1024 1133 1443 176 2078 2100 2101 2163 2327 2394 2633 2677 2730 2893 2905 2941 2971 3025 3037 3040 3141 3283 3307 3434 3485 359 362 3821 3826 3981 4092 4142 4320 4494 4694 479 4823 4831 619 653 
1190 1260 1503 1746 1976 2065 2134 2234 2581 2892 2929 2935 3190 3232 3278 3382 3499 3611 3623 3705 3754 3908 4395 4672 4690 4815 656 
1168 1238 1267 1325 1336 1411 1471 1538 1591 1667 1731 1798 1801 1819 1831 1898 190 1905 20 2063 2079 2118 2278 2311 2342 2413 2423 2481 2499 2503 2527 2574 2607 2614 2654 2657 2676 2695 2803 3007 3082 3088 3099 3176 3248 3263 3295 3314 3330 3398 3448 3650 3683 3725 3726 3778 379 3802 3848 3944 4026 4066 4257 4377 440 4546 4597 484 4960 4993 508 661 731 795 822 857 932 958 
1091 1249 1422 1461 1568 2119 2148 2524 2796 2967 3258 3333 3428 3471 3476 3508 3732 3790 4401 4457 4532 4564 4674 724 746 
1073 1239 1270 1466 1633 1696 2243 2728 3058 3113 3118 3304 3671 3863 3933 4121 4229 4262 4319 770 935 
