1 1074 1121 1323 134 1374 141 1450 1511 1562 1639 1710 1831 1925 1957 1967 2028 235 2589 2611 2883 3202 3334 3430 3470 3775 379 3973 3993 4173 4231 4490 4571 4590 4632 4648 4669 4831 4910 494 541 641 692 76 81 827 888 980 
1040 1057 1062 1114 1138 116 1166 1232 1234 1342 1364 1443 1449 1467 1487 1548 1571 1626 163 1819 1905 2 2018 2104 2118 2183 2184 2209 223 228 2334 2577 26 27 3002 3056 3077 3325 3439 3741 3744 3961 406 4190 4212 4213 4278 4330 4576 4860 488 588 638 777 849 884 939 962 
1006 1010 1040 1051 1061 1104 1198 123 1304 132 1346 1414 1489 1525 156 1578 1589 173 1731 1737 1785 1823 1842 1855 1901 2013 2016 2123 2167 2333 238 2421 2518 2519 2548 2554 2620 267 2783 2816 2873 2898 2922 2953 296 3 3007 3100 3131 3147 33 3345 3369 3453 3465 3473 3478 3494 3534 3692 3732 3794 3813 3950 3964 4020 4089 4105 4131 4166 4282 43 4363 4765 4785 4820 509 647 743 751 752 806 921 93 
1078 1081 1118 1145 1203 1219 1223 1244 127 1332 134 1348 1388 1470 155 1690 1733 1776 1888 1962 1984 206 2349 2465 2491 2510 2523 2549 2694 2705 2726 2817 288 2926 3189 3397 3532 4 40 4136 415 4245 43 437 443 4450 4456 4467 4586 4603 4632 467 4702 4724 4747 4769 4899 4921 4924 53 671 681 682 80 884 892 954 959 972 
1010 1027 1028 1104 1158 1286 1305 1306 1330 144 1460 1481 1489 1531 156 1577 1578 1599 173 1737 1746 1764 2002 2032 2151 2182 2231 2235 2333 2352 2368 2408 2424 2484 2517 2571 2597 2671 2835 2858 2862 2905 293 2947 3 3169 33 3318 3414 3472 3481 3522 3577 365 3708 3740 3899 4 401 4019 4129 4227 4246 4271 4327 4334 4444 4569 4582 46 4638 464 4679 4708 491 4954 508 557 563 627 71 743 87 893 933 937 951 
1040 1126 1236 1427 1461 1586 1771 181 1853 1885 1897 1905 2215 230 2638 27 2902 2946 3107 3477 3877 4004 406 4122 4190 4278 4646 4740 512 758 849 965 
1457 1500 1655 2032 2261 2484 2571 3557 3724 4786 599 629 656 673 714 844 
1082 1107 1173 1233 1247 1263 1299 1369 1419 1424 144 1449 1473 1486 1538 1595 1783 1805 1881 1918 2000 2002 2021 2039 2049 2054 2101 2153 2172 2309 2345 2409 2484 2551 2571 2698 2865 2894 3009 305 3097 3117 3149 3238 3243 3296 3311 3359 3401 3449 3476 357 3578 3715 378 3818 3824 4074 4128 422 4338 4429 4589 4649 4740 4936 4945 4968 4972 7 770 790 867 961 999 
1137 1262 1409 1484 1568 1606 1692 1953 2122 2244 2419 2426 2531 2976 3321 472 56 970 
1161 1316 1400 1638 1655 1691 2900 307 3389 3609 4865 4961 603 642 657 9 92 
122 1249 1607 1659 1872 1971 2034 2296 2312 2345 3079 4402 4722 541 639 653 724 878 942 
1055 115 1432 1594 1633 1875 1902 2145 2469 300 318 3912 4058 680 706 764 
1011 103 1057 1070 11 1138 1185 1201 1211 1234 1260 1266 1283 1292 1296 1311 1388 142 1428 1467 1487 1492 1524 1547 1580 1583 1605 1642 1668 176 1768 1783 179 188 1903 1928 1961 1990 2138 2150 2209 2276 2315 236 2380 2406 2467 2529 2619 2622 2637 2794 2931 2980 3062 3175 3311 3399 3425 3436 3528 3543 3606 371 387 390 4007 4027 4071 4104 4164 4200 4228 4284 4318 4335 4374 4410 4545 4601 461 4611 4639 4652 4660 4689 4699 4736 4754 4804 4805 488 4922 497 551 575 591 604 701 713 722 744 781 792 872 939 962 972 
106 1125 118 1197 12 1230 1267 1272 1275 1341 1345 1369 1391 1402 1425 145 1482 1593 1602 1612 1666 1917 1925 1957 2054 2074 2101 218 219 2212 2224 2225 2230 2293 236 2378 2388 2421 244 2440 2443 2501 2507 2514 2625 2725 2771 2822 283 2848 285 2855 2923 3063 3071 3115 3170 323 3271 3284 3306 3455 3549 3586 3688 3769 3772 383 3861 3889 4099 4147 42 4257 4357 4391 4407 4585 4621 472 4759 4880 4940 519 67 718 721 731 739 790 798 831 90 91 92 
1012 1049 1061 1084 1104 1155 1157 1167 1361 139 1400 1401 1420 1434 1483 1489 156 1578 1614 1663 1697 1716 173 1734 1737 1762 1775 1825 1861 1888 19 2001 2018 2090 2106 2162 2333 2340 2362 238 2386 2446 2455 2521 2539 2547 2593 264 2640 267 2873 2916 2960 30 3041 3074 3164 3195 3229 33 3520 3538 3588 374 3767 385 3857 3881 3975 3999 4015 4067 4209 4274 4302 4325 441 4452 482 4988 508 537 554 59 610 616 740 743 752 834 893 943 948 970 973 987 
1037 104 1068 1092 1210 1217 1282 1457 1480 15 152 1548 1555 1641 1653 1655 1669 177 1833 1910 196 20 2022 2032 2039 2155 2182 2261 2309 232 2361 2395 2430 2434 2485 2534 2597 2858 2886 3163 3262 3348 3379 3565 3724 3751 3753 3830 3970 4053 4075 414 4152 4176 4184 4211 4295 4324 4434 4553 461 481 4811 4824 4857 4977 4983 4993 50 501 519 520 599 651 656 673 714 844 910 912 
1059 1198 1206 1272 1281 1330 1345 1377 1401 1451 1506 1528 1592 1608 1669 1681 1700 1707 1733 1742 1879 1925 1982 1990 205 2057 2086 2185 2268 2401 2524 2586 2756 279 2934 2972 3170 3222 3582 398 4106 4338 4485 4549 4604 47 4719 4850 4993 608 661 78 790 814 951 980 
1025 1052 1291 1428 1477 1701 1766 1821 2279 2287 2681 2779 28 2892 3205 3271 3327 3329 3754 3791 4249 4645 4651 4807 548 668 920 
100 1023 110 1108 1116 1189 1218 1224 1312 1326 1333 1360 1366 1375 1397 1420 1453 1463 1525 1539 1542 1555 1585 1660 1670 1677 1678 1693 1715 1779 1817 189 1904 1921 1928 1968 1983 1989 2024 205 2063 2071 209 210 2170 227 2289 235 2413 2503 2528 2548 2587 2649 2660 2690 270 274 2745 2747 2792 2808 29 293 294 3013 3103 3249 3331 3357 3475 3558 3567 3595 36 3608 3645 3716 3718 373 3746 3796 3805 3847 3849 386 3924 3946 4049 4053 4056 4104 4177 4183 4229 4251 4261 4288 4310 4344 4393 4397 4434 4521 457 4614 4659 4713 4745 4785 4795 4843 485 4958 4960 4971 513 516 521 555 61 620 625 627 691 704 780 807 81 823 873 88 888 959 97 977 
1023 1032 1057 1138 1169 1234 1271 1467 1487 1516 1598 1684 1906 1966 2033 2426 2582 2770 3224 3496 367 3676 3862 3915 3962 4036 4116 4398 456 485 4895 4941 566 62 670 817 843 889 939 962 
1045 1047 1071 1132 1252 126 1373 1526 1625 1705 1748 1837 1845 2146 2338 2439 249 2623 2762 2790 2831 2856 310 3121 3160 3223 341 3819 3860 3880 3913 4214 4218 4336 4337 4431 4464 4486 4541 4557 4614 4738 4837 4898 568 619 
1015 1026 1031 1045 1058 1077 1106 1113 1148 1204 1228 132 1338 135 1390 1407 141 1413 149 1540 1552 1589 1613 1651 1670 1695 1705 1755 176 1806 1845 1935 1949 1972 1974 1976 2066 2163 2237 2242 2260 2270 2290 2307 2343 2355 2390 248 2502 252 2580 2596 261 2663 2912 2921 3045 309 3262 33 330 3605 365 3653 3683 3787 3789 3814 3929 3965 4005 4021 4024 404 4094 4159 4194 4207 4224 4331 4350 4365 4371 4424 4458 4619 4682 4739 4766 480 4839 4840 4898 4914 630 676 699 710 731 808 817 888 905 927 930 934 936 938 947 
1165 121 124 1241 1275 1283 1369 1482 1508 167 1761 1823 1831 1886 1939 1946 1971 2006 202 242 2441 2557 2614 2677 2732 2906 3247 34 3833 391 4264 4396 4608 574 593 6 615 695 724 760 811 836 846 
1056 1142 1218 1362 1426 1628 1646 1696 1750 1811 2066 2068 2225 2263 2348 2421 2487 2580 263 2634 2717 2794 3274 332 3326 3410 3495 3548 3752 378 3942 4000 4253 431 4549 4761 4911 878 880 882 927 940 
1002 1045 1048 1092 1127 114 1143 115 1156 117 1172 1182 1205 1224 1235 1267 130 1336 1343 1393 1396 1436 1457 148 1490 1499 1528 1532 1545 1593 1594 1598 1613 1657 1704 1729 1754 1774 1782 1789 1818 1830 1833 1841 1849 1858 1898 1903 1926 1967 197 1972 1988 2010 2021 2032 2046 2048 21 2104 2124 2144 2152 2171 2198 2204 2219 2229 2234 2236 2247 2270 2300 2315 2334 2385 2393 2405 2425 2464 2469 247 25 2551 2566 2578 2596 2608 2619 2630 2663 2774 2791 2930 2939 2987 301 3017 31 3101 3118 3130 3246 3279 3310 3316 3354 34 3464 3509 353 3531 3553 3562 3580 3587 3599 3624 366 378 3783 3810 3888 3992 4121 4137 4141 4160 4216 4225 4258 4341 4356 4419 4563 4595 4645 4698 4718 476 4797 481 4811 483 4846 487 4896 4911 4938 4950 504 524 561 576 590 599 6 649 656 710 724 764 803 829 830 836 904 974 978 
1073 1225 1337 1575 1822 1956 1962 1998 2109 2150 2175 2363 2988 3066 3193 3335 3433 3515 354 3593 3696 3798 4317 437 4568 4676 681 804 894 964 
1033 1116 1199 1215 1273 129 1407 1529 1718 1761 1806 1809 1951 2311 2444 2865 2904 2958 3006 3028 304 330 3353 3482 35 3585 3963 3982 3984 404 4140 4161 4870 558 646 802 866 870 960 
1021 1122 1258 1588 1979 2097 214 2271 2325 2819 2961 2964 3053 308 3286 3328 3367 35 3697 3997 4042 4709 4926 497 
144 2002 2032 2484 2571 2596 2858 2862 2894 365 4019 4334 4638 4753 4770 557 563 
101 1057 1066 1095 1111 1242 1285 1341 1348 1349 1356 1370 1414 1415 144 1467 1478 1541 16 1618 1682 1716 1751 1758 1782 1803 1828 184 1857 2002 2032 2105 2244 2296 2300 2406 2422 2454 2484 2571 2665 2744 276 2778 2803 2862 2966 3157 3178 3181 3230 3265 3322 3414 3460 36 3638 365 3684 3765 3812 3834 388 3930 4076 4162 4194 4300 4455 4516 4628 4661 4678 4681 4756 4758 4768 4770 4772 4780 4849 4851 4892 4903 496 4976 4994 528 53 557 561 563 564 715 725 901 909 939 94 
1146 1184 1220 1261 1414 1429 153 1636 1651 1744 1839 1995 2192 2236 2304 240 255 2565 266 2713 274 2900 2941 2945 3129 3198 3228 3242 3574 37 3770 3788 4068 4269 4305 439 454 4566 471 4789 4848 580 64 669 720 728 9 986 988 
1008 1035 1105 1138 1152 1232 1257 1288 1380 1423 1467 1487 1623 1694 1890 2072 2128 2591 2664 2798 2932 2960 3065 3261 3672 3706 38 3971 3983 407 4077 427 4379 4540 4696 474 4825 618 822 993 
1003 105 1067 1074 1100 1108 1170 1176 1238 1268 1330 1390 1418 1440 1451 1461 1464 1474 1516 1547 1566 158 1584 1608 1614 1621 1634 1659 1674 1734 1837 1880 1897 1905 1937 1968 2177 2179 2221 2250 2264 2281 2291 230 2337 2352 2368 2390 2408 2441 2476 2490 2503 2511 259 2597 2611 2648 2671 2678 2699 2728 2732 2741 2760 2795 2825 2858 2903 2940 2946 309 3094 3119 3133 3161 3183 3187 327 3318 3337 3372 3447 3551 3636 3708 3740 3769 3792 3843 3867 387 3899 39 3901 3939 3949 3988 402 4041 4078 4201 4225 4239 4240 4276 4286 4291 4382 4402 4507 4514 4551 4561 4582 4611 4635 4746 4809 4910 4955 497 512 536 6 633 71 729 789 79 818 86 868 9 904 944 950 958 999 
1029 1065 1067 1138 117 1186 1229 1234 1278 1280 1453 1467 1487 1541 1719 1764 1807 184 2100 2143 2173 2206 2208 2422 2498 2577 2711 2970 313 3154 3256 3338 3339 3405 3451 3483 3491 3524 3578 3852 3926 4100 4196 4507 4653 4672 4724 4737 4829 488 4924 607 694 709 762 772 92 988 
1058 1140 1220 124 1244 1418 1613 1937 2290 2383 2441 2732 3045 339 3591 3636 3771 4163 4700 4742 4798 535 6 
1068 1072 1101 1291 2085 2610 275 3246 3391 3525 3849 3970 493 592 90 920 929 
102 1030 1038 1053 1083 1138 1177 1179 119 1234 1269 1301 1319 1333 1389 1407 1438 1467 1475 1487 1533 1544 1560 1565 1616 1641 1706 1720 1756 1793 1806 1829 1844 1853 1927 1946 1948 196 1973 2031 2041 2110 2157 2165 2215 2237 2243 2248 2258 2265 2285 2332 237 239 2459 257 261 2688 2822 283 2849 2865 2892 2898 2955 3016 3037 3069 3191 3276 330 3425 3739 3821 3847 3915 40 4006 401 4232 4292 4447 4520 4714 472 478 4805 488 4983 4996 519 520 524 533 556 57 574 685 689 72 785 852 875 939 962 
1030 1129 1132 1160 1298 137 1398 1412 1565 1580 1731 1907 1938 1948 196 1983 2013 212 2150 2379 2566 2583 2627 2727 2773 2885 3108 3113 3168 3454 348 3824 3897 3917 3989 4051 41 4186 4236 424 4309 4439 4669 4693 4727 478 4897 4902 533 577 843 
1013 1077 122 1229 1275 1331 1346 1355 1364 1369 1453 1571 1649 1800 1822 1831 184 1996 2026 2351 2388 2422 2481 2853 2872 3036 3182 3240 3330 347 3492 3502 3535 3560 3597 3603 3715 3738 3840 3908 4000 4193 4196 4272 4305 4492 4519 462 467 4711 4771 4779 558 568 60 607 650 705 709 906 993 
1018 1020 1383 2001 2042 2052 2314 2417 2887 3053 3370 3421 4008 4260 4384 44 4409 4506 4594 4721 4779 4909 608 816 925 
1060 1074 1151 1156 1337 1351 1792 1898 1967 2010 2171 2393 2395 2616 2731 3019 3104 3183 348 3691 4031 45 452 4871 498 
114 1161 1222 1338 1355 1407 147 1489 1549 1573 1580 1640 1667 1691 174 177 1835 1867 1876 2176 2253 2513 2624 2719 2723 2778 2840 2897 2986 2997 2998 3027 3163 3174 3186 3286 3695 3707 3845 4039 4059 4174 4222 4263 4375 4440 4442 4460 4500 4536 4628 4663 4744 4778 4850 4870 4887 4930 565 646 743 783 824 839 840 850 91 92 929 938 98 
1040 107 1136 1161 1282 1290 1444 147 1579 1647 1649 1691 1726 18 1954 2020 2092 2169 2186 2203 2426 2441 2449 2465 2870 2923 293 3034 315 3250 3270 3389 3422 352 3660 3681 375 383 3878 3897 4054 4059 4079 4091 4182 4188 4192 429 4313 4414 4551 4708 4733 4853 4877 491 56 599 621 629 656 844 92 933 956 972 
104 1111 1137 1161 1163 1211 1230 1373 1649 1715 1757 177 1825 1896 1919 2044 2117 232 2628 2879 3110 3464 3485 3583 3605 3615 3643 37 3710 3747 4034 4035 4061 414 4172 4176 427 4390 4414 4539 4553 4641 4844 50 549 582 743 802 810 834 851 914 
1002 1045 1200 1474 1579 1590 1598 1613 1864 1972 2011 2068 213 2180 2221 2267 2270 2326 2369 2405 2488 251 2596 2663 2714 2731 2740 2865 3281 3282 3445 3556 38 3910 4148 4218 433 4656 4677 4694 4717 4832 488 51 69 710 830 858 
1019 1245 1310 1318 1325 1338 1367 1801 217 2346 2428 2606 2726 2787 286 2865 330 3455 3571 3637 4189 445 4460 4678 4687 4790 57 582 699 702 984 
1004 1099 1110 1245 1515 1720 1725 1753 1805 1854 1893 2035 2436 252 2535 2600 272 2724 2989 3415 3685 3872 3877 3969 416 4546 4772 4790 4856 4862 507 52 659 875 
1032 1115 1123 1126 1167 1243 1272 1314 1336 1345 1355 136 1377 1394 14 1433 1545 1574 1592 1736 1738 1744 175 1754 1764 1800 1804 1836 1838 186 1907 1925 1978 1985 2023 2079 2178 2219 2403 2524 2526 2680 2692 2696 2751 2993 3025 3036 3046 3058 3141 3144 3276 3398 3411 3438 3444 3446 3498 3527 3582 3625 3701 3709 3726 3735 3823 3904 3932 3977 399 402 4046 4066 4082 4093 4117 4151 4263 428 4349 4353 4421 4601 4665 4683 4808 4995 514 54 586 595 596 672 790 800 814 839 
1266 1627 1702 1757 1903 2015 2126 2315 2435 2467 2619 262 2621 3559 3903 399 4072 4473 4995 842 
1063 1139 1329 1470 1509 1649 198 1987 1990 2 2075 2292 2452 2493 2738 315 3200 332 4054 4458 55 554 56 629 729 745 76 
1389 1407 1475 1614 1640 1806 1844 2237 2390 2787 2865 330 360 3821 4119 4156 4578 57 699 966 
1131 1169 1306 15 4155 444 446 4581 460 538 631 707 863 
100 1016 1017 1018 1025 1037 1075 1078 1081 1145 1176 1203 1204 125 1298 1321 1326 1337 1353 1372 1410 1435 1441 1457 146 1496 15 1500 152 1545 1551 1566 1575 160 1638 1655 1695 1704 1774 1797 180 1808 1962 1989 2001 201 2032 2062 2069 2091 210 2170 2186 2199 2227 2261 2361 2465 2474 2482 2489 249 2533 2534 254 2614 2636 2675 2694 2722 2736 276 2764 2818 2837 2927 2999 3004 3125 3142 3185 3219 3230 3278 3309 3329 3480 3505 352 3550 3554 3557 3562 3696 3725 3759 3830 3859 3869 388 3979 3995 4083 410 4100 413 4180 4273 4277 4295 431 4328 437 4393 4405 4413 4418 449 4493 4494 4506 4512 4581 4587 4591 4597 460 4627 4695 4734 4788 4813 4817 4822 4830 4918 4923 4951 4963 4970 4974 4975 504 526 572 58 583 599 600 605 656 673 675 677 681 682 714 723 786 807 82 823 824 87 874 892 902 913 925 933 935 94 958 959 973 
1220 1234 124 1242 1275 128 130 1327 1339 1353 1369 1418 1436 1467 1523 1533 1621 1631 1655 1754 1831 1909 1930 1937 1961 2086 2101 2191 2261 2295 2301 2375 2441 2732 2796 2974 3045 3112 3238 3275 339 3467 3560 3646 367 3717 4004 4016 4029 4127 4128 4149 4175 4333 4489 4490 4691 4723 4743 4774 4798 4876 4906 491 4971 504 564 6 656 657 696 70 761 820 844 852 923 962 977 993 
1020 1061 1088 1097 1103 1144 1227 1277 1421 157 1573 1624 1993 2089 2154 245 257 2697 2753 3208 3375 3408 3450 3501 3566 3594 3602 3616 3698 3803 393 4165 4351 4543 466 4816 4917 4920 4928 503 650 845 896 930 995 
10 1024 1061 1066 1082 1096 1104 1133 119 1202 1210 1236 1258 1303 134 1359 1389 1404 1407 1441 1489 1545 157 1597 1616 1626 1642 1649 1672 1681 1721 1731 1737 1767 1771 1806 1853 1897 1905 1914 1924 1931 2013 2018 2019 204 2088 2090 2094 213 2213 2215 2239 2351 2355 2380 240 2423 2437 2438 2475 2495 253 2575 2669 2702 277 2834 2859 2866 2891 2909 2928 2946 299 2993 2994 3029 3047 3158 3245 325 3375 3382 3503 3525 3558 3627 363 3659 373 3761 3823 3909 392 394 395 3956 3963 4006 405 4116 4222 424 4281 4317 4319 4420 4422 4454 4461 4468 4477 4599 4605 4623 4626 4629 463 468 473 4735 4782 4905 4925 4928 4956 515 57 580 622 65 697 705 72 751 752 758 776 810 83 841 842 847 864 895 929 991 
1035 110 112 1136 1149 1151 1248 1384 1588 159 1619 1729 1741 1787 1868 1898 1967 1975 2010 2039 2171 2297 2305 231 2331 2354 2393 2484 2666 2704 2762 2777 2890 3539 378 3790 3799 4130 4145 4159 4200 4203 4322 4577 4637 4890 502 532 557 621 634 700 915 
1 1002 1027 1030 1053 1167 1175 1179 1183 1187 1207 1214 1308 1320 1384 1405 1412 1454 1598 1607 1625 1636 172 1731 1748 1758 1771 1831 1832 1857 1859 1878 1905 1913 1920 195 1954 196 2013 203 2031 2095 2149 2242 2249 226 2271 2276 2283 2312 2338 2422 2464 2468 2469 2560 2610 2628 2653 2681 2733 2775 279 2802 2871 2912 2917 2946 2990 3012 3023 3088 310 316 3225 326 3264 3277 3385 3437 3445 3471 351 3512 3565 3631 3666 3831 3865 3894 3914 3974 3984 4097 4124 421 4248 4287 4294 4336 4386 4389 4411 4475 4499 4509 4540 4584 4610 4655 4675 470 4706 4716 474 478 4800 4823 486 4867 4890 490 4931 4959 500 51 533 566 585 653 66 663 68 689 708 741 763 773 783 804 835 85 876 89 912 915 965 997 
1081 1112 1123 1145 1200 1235 1279 1314 1392 146 1496 1504 1505 160 1681 1791 1803 1971 2128 2198 2315 2456 2465 2509 2745 2814 3146 3241 3272 337 3377 3509 3584 3662 3900 4157 4162 4237 4407 4472 4480 4863 595 600 626 70 726 959 
1252 1255 1300 1350 1721 1727 1759 1862 1895 2138 2208 2399 2513 2893 2995 3187 3267 3616 3632 3721 3949 3992 418 4195 4279 4568 4825 4853 4889 49 
1298 1383 142 1439 1491 1708 1736 1883 1984 2326 2550 2933 3023 3064 3197 3255 3319 370 4404 4664 4834 4981 688 
1112 1141 1171 1206 1220 124 1272 1275 1316 1345 137 1418 1436 1453 1503 1539 1554 1591 1592 1604 1637 1671 1678 1731 1738 1779 1831 1842 1921 1925 1933 1937 1978 2013 2030 2051 2139 2207 2255 2317 2441 2519 2524 2657 268 2700 2732 2766 2806 2833 2875 291 293 2957 3045 3058 3060 3061 307 313 3225 3363 3367 339 3592 3658 369 3793 3842 3866 3952 403 4038 4050 4163 4366 4478 4627 4655 4719 4944 4992 504 560 647 657 693 742 77 790 814 815 88 961 980 
137 1451 1528 1669 1681 1700 1707 1731 1842 1879 2013 2057 2069 2086 2519 2602 279 2834 2839 2990 3300 3461 3916 4050 4106 4144 4992 78 951 
1010 1051 1061 1090 122 1257 1266 1301 1386 1416 142 1484 1510 1547 1568 1606 1694 1699 1707 1769 1794 1812 1820 1828 1879 1903 1953 2025 2090 2108 2122 220 2213 2230 2244 2269 2353 238 2387 2419 2458 2531 2556 2600 2619 262 267 2671 2737 277 296 2984 3070 314 3166 3210 3273 3287 3296 3359 341 3499 3508 3712 3820 3840 3861 3973 4028 4204 4216 4247 4267 4329 4420 4436 4451 450 4579 4588 4609 461 4613 4673 4712 4759 4775 4821 4839 4842 4946 4969 509 545 669 672 686 698 731 752 79 799 871 885 952 
1576 2277 2463 2525 2693 2828 289 3031 3146 3180 3212 3416 380 3804 3989 399 400 4039 4208 4502 4538 4654 4777 677 729 849 
1050 115 1389 1407 1475 1577 1806 1844 1921 2192 2237 2390 2547 2584 2830 2865 3025 3194 324 330 3564 360 3884 4030 4246 4296 4556 4578 4647 4777 4948 4954 57 590 699 82 
1058 110 1136 115 1150 1156 1185 1216 1238 124 1244 1266 1281 1296 1333 1372 1390 1418 1425 1448 1451 1479 148 1485 1532 1589 159 1594 1596 1613 1628 1633 1734 1746 1791 1854 1865 1868 1894 1902 1903 1914 192 1934 1937 1991 1993 1995 2025 2045 2048 2066 209 2124 2135 214 2183 219 2193 2197 2204 2229 2234 2249 2266 2290 2298 2303 231 2315 2370 238 2383 2415 2426 2435 2441 2464 2470 2504 2554 2578 2580 2588 2604 2619 262 263 2724 2739 276 2824 2866 287 2880 2932 2962 3004 3009 3045 3052 309 311 3176 3220 3256 3269 3313 339 3480 3555 3630 3635 3644 3663 3735 3763 3771 3801 3892 3908 3921 3944 403 4075 4130 4145 4219 422 4269 427 4316 4322 4384 4394 4426 4513 4533 4544 4577 4616 4633 4664 4809 4812 4836 485 4989 4999 502 523 535 552 561 589 6 621 630 634 636 670 687 71 719 731 746 749 764 776 789 79 795 83 84 857 927 93 982 
1147 2174 2579 2836 2985 3084 328 3722 4055 426 489 496 4974 4985 517 671 765 87 91 950 
109 1098 1147 1151 1163 1189 1295 1296 1373 1499 1521 1613 1724 1729 1874 1889 1898 1926 1950 1959 1967 1969 2010 207 2112 2171 2283 2295 2384 2385 2393 2451 2460 2579 261 2631 2647 2672 2766 278 2807 281 2836 2852 2872 2878 2926 3067 3084 3114 3126 3151 328 3291 3650 3686 378 3947 4208 426 4281 4341 4385 4391 4417 4465 4469 447 4539 4564 4598 4738 476 48 489 4985 4998 517 521 765 792 802 823 87 91 931 985 
1036 1213 1263 1527 1699 1790 1806 184 1856 1871 2002 2100 2163 2397 2482 2559 2598 2662 2735 2812 307 3092 3106 3143 3213 3517 360 3643 3661 369 3820 3826 4185 4217 4286 4406 4513 460 4923 57 752 789 
1056 1075 1244 1339 1349 1523 159 171 1710 1799 1813 1824 1885 1909 2066 2093 2149 2232 227 2290 2360 2376 2473 2525 2526 2545 2555 2569 2580 2621 2660 2661 2679 2698 2720 2819 2979 305 3205 3304 3598 3705 3725 3794 403 4115 4149 417 4178 4184 4220 4383 4450 4705 4752 4776 4803 4858 552 572 692 693 735 758 867 917 96 
1083 1183 1253 1361 137 1374 1407 1465 1484 1658 1662 1685 1690 1760 1775 18 1806 1844 1988 2237 2259 2340 2369 2488 2683 2769 2781 3082 3233 3242 330 3351 3559 3704 3797 3838 3846 3862 3954 400 4158 4197 4389 4446 4495 4504 4534 4683 4697 4707 4717 4764 4773 4810 4891 551 634 767 800 824 864 868 954 
1376 1458 1493 1508 1592 1863 1881 1925 1931 2018 2416 2432 2443 250 2632 2801 3 3035 3116 344 3457 3621 3839 3879 3997 405 432 4347 437 4891 4925 518 525 615 649 754 814 97 991 
1145 1176 1534 1790 1878 1900 1916 192 1966 2069 216 2204 2218 2464 2484 2578 2658 2821 2888 3165 3199 3371 3407 372 3745 4435 4535 4560 561 685 766 776 797 828 85 892 
103 1204 1206 1222 1231 1299 1424 1455 1457 1462 1497 1502 1550 1570 1578 1635 1655 1676 1772 1790 1805 1808 1851 1876 1944 1969 2032 2043 2057 207 2195 2222 226 2261 2396 24 2439 2462 2478 2497 2520 2649 2690 2750 28 2806 2855 29 2913 2934 3285 3301 332 3386 3443 3474 3478 3502 3583 3711 3719 3747 3748 3758 387 3875 3965 4103 4113 4158 419 4214 4249 4311 438 4484 4519 4560 4575 4621 4630 4642 4672 4754 4760 4786 4794 4826 4936 4986 531 582 599 629 656 668 673 714 717 736 803 812 813 841 844 848 861 879 99 
1015 102 1045 1093 1150 1160 1229 1288 1309 1349 1381 1382 145 1461 1475 1598 1609 1611 1671 1695 1745 1748 1752 1806 1861 1929 1968 1972 1996 200 2047 2098 2102 2157 2189 224 2270 2406 2476 25 2553 256 2663 2671 2703 2723 2729 281 2820 2886 2913 2948 3024 3175 3179 3188 3193 327 3293 331 3420 346 348 3510 3555 3629 3679 3682 3734 3744 3767 3938 3981 3993 4037 4081 4092 4102 4115 4242 4250 4297 442 4423 4427 4570 4692 4751 4783 4836 4855 4874 4902 4929 540 558 57 584 598 625 636 652 678 699 703 710 714 768 793 869 
107 112 1341 1570 248 3529 3689 383 4088 4907 621 
1045 1047 1058 107 108 1099 112 120 1212 1287 1341 135 1392 1396 1399 1443 1468 1494 1511 1530 1553 1557 1570 1598 1617 1632 1633 1652 166 1677 1688 1707 1713 1756 184 189 191 1937 1942 1972 1977 199 2023 2029 211 2119 2123 2140 2146 2180 2214 2257 2270 2280 229 2299 2324 235 2405 2422 2446 2477 248 2499 2532 2585 2602 2608 2635 2650 2663 2668 270 2701 2711 2716 2742 2760 2799 28 282 2840 2850 2959 2968 2992 300 3010 306 308 3109 3135 3138 3139 3240 3250 3279 3339 3421 3505 3529 3533 355 3575 3590 3642 3655 366 3720 373 3756 3760 3761 3828 383 3841 385 3853 3883 3896 3911 3922 4003 4035 410 4133 4157 4167 4170 4234 4240 4247 430 4318 4428 4438 4479 450 4531 4548 458 4662 4665 475 4814 4817 4884 4934 5000 522 523 542 547 625 632 648 684 691 709 710 716 726 779 787 794 805 81 819 830 857 872 888 901 928 932 967 979 981 
1001 1042 111 1136 1138 1159 117 1185 1195 1207 1220 1266 1295 1326 1363 139 1446 1467 1483 1487 154 1584 1594 1603 1616 1630 1633 1731 1763 1771 1789 181 183 1853 1868 1902 1903 1926 1996 2013 2091 2145 2149 2185 2215 2283 2315 2329 2336 234 2373 2401 2404 2405 2429 2435 2467 2479 2539 2619 262 2680 2712 2758 2802 2868 2903 2910 2978 3045 3054 306 3128 320 3218 329 3294 3303 3307 3330 3458 3461 3569 3612 364 3667 3690 3714 3778 3779 3905 3943 3967 4018 411 4285 430 4320 4449 447 4496 4510 4633 471 4796 4829 4831 4944 4973 558 567 580 628 680 687 698 706 735 749 772 778 982 985 
1119 1153 120 1262 127 1320 1409 1446 147 1579 1590 1600 162 1650 1758 1777 1832 1879 1941 1942 1944 2005 2009 2050 2078 2115 213 2159 2216 2308 2420 2447 2490 2557 2749 2915 3090 3254 3260 3345 3377 3451 3516 3522 3524 3647 3855 3971 4052 409 4134 4215 4255 4396 4436 4504 4613 464 4787 4832 4919 520 550 641 754 788 816 882 
1029 1060 1115 1135 1153 1174 1176 125 1265 1313 1349 1352 1358 1361 144 1473 1489 1501 1519 156 1643 1729 1732 1737 174 1892 1926 1996 2002 2032 2050 2067 2101 2202 2210 2217 2218 2293 2320 2333 2404 2446 2467 2484 2500 2508 2536 2552 2571 2640 271 2736 2737 2788 2857 2862 2869 2895 2897 2919 2938 2951 3011 3019 3074 3076 3091 3127 3184 3195 3221 3227 3239 3258 3289 3290 3364 3427 343 3441 3456 3538 365 3713 3778 3800 3814 385 3874 3884 3902 3986 3987 4008 4070 4086 420 4289 4334 4355 4403 4452 4482 4483 452 459 4775 4816 4819 482 4852 4871 4908 498 4991 557 558 562 563 606 613 637 645 646 750 773 907 935 941 943 944 948 
1021 1041 1088 1128 126 1579 1630 1654 1656 1698 2188 2217 2504 2541 258 2957 3025 3078 3152 3158 3236 3254 3417 3498 3537 3588 3658 3678 3723 3855 3903 4032 4066 408 4083 4262 435 4474 4547 466 4688 525 586 623 774 780 825 883 
1449 1548 163 1630 1760 1769 1828 1964 2326 2429 2686 2748 3073 3135 3215 3255 3360 3409 3438 3572 3904 3961 4001 4005 4686 4723 492 638 666 833 910 
1083 114 133 1488 1528 17 1742 1752 2064 2108 2234 2527 2997 3303 349 3848 3996 4073 419 4270 4287 4894 593 69 748 960 
1014 1045 1169 1202 1327 1330 1335 1455 1498 154 1596 1601 1926 1970 1972 1994 1996 2008 21 2123 215 224 2352 2373 2405 2408 241 2568 2571 2587 2596 2663 2671 282 2875 3237 3387 340 3457 3488 3708 3727 3768 384 3856 3995 4049 4332 4339 442 4556 4607 4662 467 479 654 71 710 759 897 933 96 
102 1117 1368 1522 1708 1730 1731 1834 2013 2045 2246 2286 2442 2512 2519 2675 2850 2933 2947 2957 3257 3288 3300 3305 3306 3317 3393 3469 3561 3596 36 3700 3707 3871 4171 4244 4298 4404 4510 4526 4849 4893 753 821 883 897 
1184 1193 1365 139 1472 1492 1544 1569 1585 1705 1779 1981 2159 2364 24 2639 2657 2674 2718 3033 3089 3573 3797 4071 4233 4275 4280 4484 4636 4704 4801 4941 531 665 726 
1006 1097 1194 1214 13 1324 136 140 1470 148 1498 1511 1598 1635 1687 1703 1749 1773 1786 1827 1900 192 1943 1996 1998 2038 2077 2105 2240 2304 2313 2344 2347 2364 2464 2623 2774 2780 2828 3061 3251 326 3294 3307 3320 3340 3355 339 3402 3426 3432 3622 3641 3697 3731 3752 381 3866 3867 4055 4065 4097 4098 4320 4469 4893 4935 539 558 653 673 741 757 776 808 811 828 835 853 856 924 997 
1006 1175 1254 1276 1419 143 153 1563 1611 1620 1655 1735 1804 198 2022 2103 2174 2261 2327 2461 2594 2612 2857 3147 342 3446 3601 3632 3920 4415 454 4555 4728 4801 547 549 599 656 744 844 90 931 969 
1078 1081 1145 146 1496 160 2069 2170 2465 2694 2722 3278 3532 3806 4413 4591 526 600 682 855 892 959 
1046 1145 1180 1193 1194 1221 1224 1239 1246 1261 1272 1286 1297 1303 1368 1375 1415 151 1516 1549 1617 166 1737 1741 183 1839 186 1880 1902 1921 1936 1939 2014 2070 2128 2136 2155 2194 2200 221 2236 224 2245 2278 233 2354 2509 2524 2553 2578 2581 260 2637 2743 2761 2763 2776 2809 2862 2887 2896 291 2971 3068 3073 3120 3206 322 3224 3238 333 3350 3356 3368 3397 3466 3539 3547 3563 3585 3618 3661 367 3720 3757 3762 3833 3880 3924 3927 3934 3947 3948 3985 3996 4013 4023 4043 4045 4074 4080 4086 409 4114 4138 4203 4256 4351 4366 4369 4381 439 4518 4566 4586 4656 4668 470 4789 4802 4813 4909 4916 632 64 667 683 725 777 805 814 824 847 873 918 941 998 
1076 1093 123 154 1874 1907 2254 228 2284 2344 2394 2411 2523 2544 2613 3124 3172 3177 3252 3378 3905 3906 4271 4327 4639 493 523 542 871 
1000 1543 1556 1586 1628 1635 1731 1882 1897 1905 1911 230 2367 240 2462 2505 2567 2763 2946 2950 2954 3044 3131 3282 3317 355 3639 3651 3733 3931 4026 4042 4120 4308 4412 4497 4525 4558 480 512 693 758 761 865 886 953 965 996 
1026 110 1120 1136 1147 1265 1447 148 1532 155 159 1591 1695 1723 1727 1749 1868 1908 2183 2204 2234 231 2320 2450 2464 2561 2824 2882 3214 3813 3958 4130 4141 4359 4479 4529 4558 4819 4830 502 561 570 612 621 776 975 
1036 1044 1394 1502 1650 1836 2113 2251 2341 2557 258 2916 3139 3254 3424 343 3613 3659 381 3811 4057 4198 4230 4284 4361 4494 4644 4748 4776 796 847 
1056 1058 1073 1107 1174 1217 1232 1244 1266 1369 1408 1449 1476 1503 1517 1529 1548 1563 1613 1665 1666 171 1730 1796 1809 1814 1868 1903 1911 1923 1958 1963 2000 2066 2096 2184 2244 2275 2316 2383 2431 2435 2448 2467 2472 2512 2580 2619 2629 269 2720 2951 2970 2983 3045 3080 3083 3340 3610 3700 376 3909 3928 3990 4084 4177 4219 4241 4424 4426 4480 4503 4572 4637 4847 486 4872 491 494 4967 499 501 516 534 535 552 710 719 746 813 907 949 
1000 1326 1420 1447 1543 166 1661 1857 2164 2288 286 2867 2910 2980 3217 3228 3685 3805 3850 386 411 448 4676 4727 4869 497 620 953 
1022 1078 1246 1430 144 1542 1558 1659 169 2002 2069 2170 230 2339 2410 2416 2456 2465 2484 2500 2571 2694 2786 2847 2862 2883 3226 3244 3278 334 3440 3622 365 3940 4009 4019 4072 445 4692 480 563 682 855 
1206 1256 1272 1345 1582 1592 1730 1819 1925 1932 2059 2088 2160 2367 2524 2542 3620 3695 3871 3969 4485 4576 4580 4715 4752 479 593 611 774 790 814 980 
1098 1149 1191 1192 1237 1248 1259 1271 1273 1317 1422 1454 1538 1570 1622 164 1665 1705 178 1798 1843 1876 2029 206 2063 2068 2121 2125 2128 2130 2231 2365 237 2374 2379 2402 2407 2555 263 2634 2651 2707 2782 2845 2885 2911 2918 295 2959 2991 3010 3050 3173 3190 3239 3241 3302 3358 338 345 3470 3485 3640 3648 3689 3774 3777 3799 3822 383 3854 3870 398 4143 4178 4270 433 4358 4406 4476 4705 4854 4927 4997 530 62 707 757 945 
1159 1188 1316 1322 1400 1638 1741 185 1929 1979 2055 2061 2063 2147 216 2323 2422 2581 2607 2965 2981 307 3190 3322 3629 3712 3802 3817 3959 4107 414 4205 4315 4345 4433 4528 455 4572 472 4828 4882 4961 597 602 642 657 728 9 
1091 1322 1347 137 1435 146 152 1567 1664 1731 1770 182 1842 194 1955 2013 2026 2055 2107 2468 2519 2564 2694 2783 2981 3020 308 333 3500 3635 3795 3865 3918 4017 4050 4191 4199 4265 4304 4571 4882 4894 4970 526 728 767 803 815 949 959 
1108 1237 1296 1381 1398 1459 150 1684 1780 185 206 2342 2769 3078 3211 3248 3365 3535 3546 3750 3762 3815 3841 3887 4069 4202 4309 437 4529 4559 457 681 848 974 
1030 1041 105 1059 1105 1185 1220 124 1249 1272 1288 1311 1312 1363 1369 1412 1418 1439 1453 1460 1466 1480 1512 1520 1532 1539 1565 1644 1666 1696 1714 173 1779 187 1895 1920 1921 1937 1948 196 1962 2003 2081 2139 2204 2261 2282 235 2384 2441 246 2578 2583 2662 2695 2701 2732 2827 2864 289 293 294 2949 295 2967 3045 3075 3169 3196 3203 3209 3332 3346 3363 339 342 355 3581 3608 3683 3755 3895 3898 4011 4028 4033 4052 4092 4238 4288 4312 4328 4445 4524 4535 4567 4631 4700 4703 4731 4778 478 4781 4782 4888 4937 495 4952 504 512 533 561 565 6 627 633 636 727 88 957 968 969 
1044 1134 1341 1390 1456 1458 1466 1518 1676 1728 1734 1746 1813 188 2114 2212 2249 2252 2289 2302 2328 2650 2671 2854 2869 2881 2936 309 3140 3344 3383 3479 3801 4223 4838 630 731 760 79 922 972 994 
1270 1546 1609 190 2036 2317 275 2813 2874 2884 2901 3145 3730 3959 4588 4810 4869 581 664 733 781 859 
1043 1045 1051 1055 1067 1244 1275 1432 1440 147 1594 1615 1633 1648 1789 1810 190 1902 1972 2017 2054 2055 2066 2083 2101 2145 2194 2231 2278 2290 243 2496 2546 256 2580 2596 263 2663 2673 2849 2907 2966 302 3093 3105 3134 3137 318 3204 3207 3323 3618 3653 3671 3748 3856 3912 3941 403 4169 4350 443 4594 4597 4827 514 665 680 706 710 711 764 768 
1253 1461 1586 1605 1897 1905 227 230 240 2741 2946 3107 3352 3477 3503 4122 4308 512 758 830 965 
1007 1244 1377 1390 1519 1613 1734 1746 1781 1802 191 2012 2066 2108 2210 2249 2290 2383 2536 2580 2603 263 2671 2720 3045 3083 309 337 3686 403 4223 4426 4497 4500 4538 4807 4946 535 552 630 719 731 79 864 877 927 
1010 1016 1051 1080 1102 1104 1127 1234 1297 1339 135 1375 1390 1467 1471 1489 1501 1512 156 1578 1603 168 1694 173 1734 1737 1746 1772 1777 186 1863 1897 1905 192 193 1945 1998 1999 2011 2092 21 2140 2199 2273 2275 230 2306 233 2333 2341 238 240 2445 2471 2510 2558 2617 2619 267 2707 2733 2752 2806 2869 2924 2929 2946 3001 3049 3051 3052 3057 3068 3071 3073 3079 3080 309 3102 3181 3192 3201 3253 3280 33 3350 343 3435 3453 3476 3477 3530 3536 354 356 3603 3766 3816 3836 3885 3893 393 394 3960 4002 402 4038 4040 4043 4087 4096 4131 4175 4189 4209 4224 4301 4306 4307 4312 4375 4380 4408 4515 4523 4569 458 4580 4602 4618 4630 4671 468 4734 474 4749 4756 4802 4888 4895 4939 4962 517 570 573 702 720 743 747 752 758 829 845 869 900 918 923 944 962 963 971 993 
1019 1024 1068 1085 1145 1151 1173 1215 1226 1233 1253 1255 1304 1306 1350 1354 1380 1461 1531 1534 1538 1559 1595 1717 1736 1852 1863 1869 1963 1986 201 2058 206 2093 2129 2193 2262 2361 2398 2408 2465 2489 2516 2527 2576 2615 2694 2718 2722 2724 2842 2861 2928 2958 2962 2999 3030 305 3137 3150 316 3231 3268 3341 3404 3495 3657 3675 3722 3749 3806 3925 3968 3977 3980 4031 4085 4153 4215 4226 4301 4443 4493 4533 4686 4709 4757 4773 4915 4957 4982 559 579 594 600 610 674 81 898 911 
1030 106 109 1165 1190 1342 1372 1386 1507 1776 204 2053 2084 2166 2191 2220 2300 2359 2424 2440 2560 2570 2616 2618 280 2815 284 3071 3075 317 3173 3396 3670 3816 3879 4 4060 4212 439 4471 4764 529 618 655 704 705 771 837 95 992 
1034 1292 1307 1572 1733 1803 208 2259 2539 2694 2717 2721 2996 3324 344 3462 3990 4201 4562 4748 484 505 801 909 
1013 1014 1016 1021 1034 1079 1152 1162 1191 1219 1243 1261 1280 1293 132 133 1357 1378 1381 1404 1417 1418 144 1445 1495 150 1616 1636 1680 1768 1771 1815 1840 1853 189 1942 1944 2002 2006 2021 2032 2082 2092 2099 210 2126 2133 2215 2306 2335 2343 2371 2381 2416 2441 2484 253 2535 2571 2592 2635 273 2812 2841 2862 3028 3045 308 3095 313 317 319 3292 3362 3413 3415 3431 35 3506 3511 3591 3601 3607 3631 365 3677 3809 382 3827 3832 3911 3913 3923 3944 3953 3957 4019 4046 4064 413 415 4202 4235 4268 434 4343 435 4357 4367 4368 4373 4459 4487 4508 4546 4554 4607 4624 4640 4684 4753 4763 4799 4861 4926 4932 4942 518 557 563 580 587 597 6 603 629 631 654 658 688 713 748 75 887 996 
1020 1045 107 1089 112 1214 1244 1341 1387 1406 1570 1598 1610 1613 1657 1734 1794 1849 1890 1891 193 1972 202 2066 2132 215 2249 2270 2405 248 2593 2596 260 2663 2671 2672 2753 2791 2854 2909 2949 3045 3081 309 3121 3653 3694 376 3785 383 3953 4021 403 4102 4108 4139 4195 4234 4374 4428 4530 4657 4677 4721 4725 4846 4896 4907 535 58 710 714 731 830 844 851 887 909 990 997 
1085 189 2119 235 270 3109 3716 373 625 81 888 
1049 1076 1117 1446 1450 1453 1522 164 1828 2305 2394 2635 2682 2687 2709 2758 2811 2876 3245 3449 3626 3701 3705 3873 3900 3920 3945 4337 857 892 916 
1091 111 1115 1210 1269 1275 1304 1316 1358 1369 1371 1400 1401 1436 1451 1508 1611 1612 1638 1690 170 1706 1820 1831 1846 1848 200 2054 2080 2101 2140 2248 2258 2366 239 2445 2530 2633 2654 2675 271 2771 2784 290 2979 307 3136 319 320 3205 3308 335 3373 3456 3576 3711 3729 3776 3950 3951 4147 4180 422 4226 4354 4361 4449 4496 4643 4647 4666 4670 4710 4714 4835 4865 4885 494 597 642 657 719 730 732 750 9 993 
1009 1031 107 1094 1106 112 113 1140 115 118 1247 1315 1341 138 1413 1441 1445 147 1555 1564 1570 1593 1608 1616 1633 1646 1679 1750 1771 1853 1867 1870 1875 1902 2005 2008 213 2158 2188 22 2214 2215 2226 2227 2239 225 2291 2299 2431 2469 2474 248 2480 2541 2545 2659 2734 2768 3007 3022 3045 3132 3133 3152 3157 3214 329 3374 3388 3392 3403 3468 3554 357 3579 3660 3689 3703 383 3845 3902 3937 396 4082 4099 4299 4304 4379 4486 4498 453 4599 4619 4620 463 4711 4744 4933 4979 63 660 675 680 690 706 713 74 828 838 855 860 89 92 952 
1080 1089 1096 1186 138 1411 1452 1520 1567 1583 1587 1598 1614 1686 170 176 1766 1961 1997 2074 2134 2252 2254 2298 231 234 2486 2492 2522 2574 2643 2683 2810 2905 2914 2968 2973 3000 3026 3110 3162 3235 3259 3333 3391 3465 3533 3592 3863 3901 3954 3955 3976 3988 4033 406 407 4185 4188 4293 4360 4377 443 4470 451 4525 4555 4646 4818 4859 4901 4960 527 558 561 677 745 756 782 827 835 868 
1020 1036 1061 1088 1097 1144 1164 1450 1483 1512 157 1573 1624 1793 1852 1882 1910 2089 2154 2161 2241 225 245 2458 2697 2703 2753 2832 2984 3142 3208 3235 3309 3375 3394 3408 3450 349 350 3501 3566 3594 3602 3616 3669 3698 3736 3803 4022 4051 4126 4154 4165 4351 4388 4392 441 4567 4816 4887 4917 4920 4928 576 608 650 690 75 965 995 
1005 1024 1030 1035 1070 1078 1098 1107 1110 116 1272 1289 1325 1357 1358 1375 14 1439 1441 1463 148 1490 1506 1517 1540 1561 1616 1633 1709 1712 1771 180 1842 1853 1860 187 1875 1902 1916 1940 1945 196 1980 199 2013 2098 2215 2306 2330 2349 2368 2372 246 2469 2477 2484 2519 2527 2571 2589 26 2635 2636 271 2746 2756 2800 2862 2908 300 3015 3048 3055 3184 3232 3289 3314 3387 3408 3443 3541 3542 3587 359 3628 3633 3652 3662 3699 3702 397 3991 4010 403 4101 4238 4260 43 4363 4364 4371 4387 4463 4481 4491 4501 4511 4527 4537 4579 4612 4617 4718 4730 4755 4757 4758 4762 4767 4806 4834 4867 487 4927 4978 4984 500 526 533 563 572 580 583 619 630 658 667 670 679 683 706 722 750 779 783 806 826 837 903 935 945 
1013 1046 1128 1151 1181 1240 1241 1365 1388 1389 1407 1574 1600 1715 1729 1741 1765 1806 1816 1844 1848 1898 1945 1967 2003 2039 2040 2071 2127 2171 2237 2238 2297 2322 2356 2390 2572 260 264 2656 268 2833 2844 2865 2936 3021 330 3357 3628 371 3737 378 3785 400 403 4095 4119 4277 4386 4409 4433 4532 4550 4693 4792 4860 488 4949 51 57 609 653 663 699 738 741 757 777 835 86 865 
1008 1022 1079 1160 1178 1266 1317 1334 1406 1426 1645 1665 1698 1814 1866 1977 2036 2133 2154 2175 2269 2270 2294 2319 2476 2543 2599 265 2663 2759 2772 2785 2807 2841 2863 2930 2937 2946 2976 30 3281 3283 3376 3384 3433 3434 3442 3501 3648 3654 3655 3853 3933 3943 3972 4047 4135 4146 4243 4268 432 4650 55 553 57 617 633 700 737 821 830 851 999 
1027 1284 131 1349 1564 1641 174 179 1877 1926 1996 2001 2109 2120 2274 2316 234 2481 2496 2603 265 2652 2676 2687 2691 2729 2846 303 3091 3251 3307 3614 362 384 4425 4781 558 890 926 
1062 1214 1299 1434 1586 1598 1644 1740 1897 1905 2053 2099 2272 2318 2389 2432 2483 2492 2797 2805 284 2946 3232 326 3352 3448 3496 3702 3777 3786 3927 3974 3994 4037 4118 440 4429 4520 4885 4963 525 573 586 653 660 667 733 741 758 835 84 899 914 965 997 
121 1443 1453 1539 1779 1790 1837 1919 1921 2240 2276 272 2732 2827 293 303 3123 3130 3209 3362 3484 3497 3526 3668 3886 4342 4387 4563 836 88 884 958 987 
1779 1795 1840 2082 2335 287 3360 3598 366 3893 3925 421 4547 4932 784 809 
106 1199 1215 1539 1570 1633 1704 1777 1887 1902 1922 1978 1996 2022 2223 2228 2448 2563 2823 297 300 3042 3162 318 3396 3404 341 3413 3469 3486 3868 390 3978 4348 4378 4545 4674 4915 502 739 809 946 
1050 1060 1170 1172 1260 1274 1315 1559 1688 1692 1722 1731 1750 1830 1842 2013 2037 2111 2116 2179 2264 2339 2438 2457 2519 2736 2780 2800 2844 304 3268 3353 3542 3837 3881 3916 4063 423 4362 4482 4501 4542 4559 4590 4603 4606 4634 4685 4720 4873 4897 4980 556 577 578 647 767 901 
117 1185 1266 1357 1868 1903 2315 2435 2467 2604 2619 262 3921 4633 687 698 982 
1264 1328 1536 1660 1717 1778 1884 2153 2314 2396 2532 2715 2916 3040 3119 314 3312 3671 405 4256 4302 4660 782 
1010 1039 1051 1061 1178 1198 1330 1352 1384 1469 1473 1689 1826 2090 2119 2187 2205 2213 2319 235 2352 238 2392 2530 2615 2669 267 2671 270 2808 2917 3011 3096 315 3192 3236 325 3318 3349 3395 3428 347 3508 3566 3604 3932 395 4044 4110 4121 4166 4168 423 4696 4746 4761 4828 4881 4913 576 625 652 71 712 752 773 81 855 874 954 961 
1275 1369 1436 1508 1728 1831 2054 2101 244 2700 3111 3122 3149 3560 4029 422 4710 494 993 
1071 1102 1182 1196 1266 1367 1452 1471 163 1638 1693 1739 1850 1853 1868 1903 1961 2012 2068 2076 2085 2151 217 2211 2220 223 2341 2414 2468 2595 2604 2619 262 2678 2705 2757 2884 2893 292 3039 3063 3182 321 330 331 3401 3507 361 3627 3728 3774 3780 3817 3883 3919 394 4002 4210 4517 4681 4690 4732 477 4866 4883 49 4930 4987 543 600 602 635 681 725 832 862 9 902 966 982 989 
1070 1071 1107 1265 1304 1374 1448 1455 1456 1479 1490 1524 1527 1535 1581 1613 1842 1847 1860 1922 1935 1945 2066 2188 2253 2278 2332 2374 2433 2543 2562 2575 2580 2601 2826 2889 2924 298 2998 3055 318 324 3299 3382 3436 3487 3510 3628 3645 3652 3742 3753 38 3860 390 4022 403 4095 4101 4179 4199 4254 4356 4365 4457 4575 4596 4667 4704 484 4848 4862 4866 4904 4912 567 575 661 683 727 751 77 786 787 806 826 863 883 896 928 
1007 128 1517 1618 1650 1703 1862 2005 2023 2168 2537 2655 2667 2708 2768 3003 3219 3463 3523 3726 3839 465 469 525 644 881 908 
1276 1440 1563 1604 1691 1823 1860 1897 1947 2148 2167 222 2409 2430 2651 2785 2967 3005 315 3252 350 3573 3623 3784 4012 4091 4123 4258 4323 4372 4383 4593 4643 4701 4728 4737 5 546 628 629 702 754 80 879 984 
1031 1058 1118 1244 1259 1275 1290 1340 1369 1430 1436 1452 1525 1585 1620 194 2066 2197 228 2293 2383 2517 2549 2755 284 292 3045 3087 3144 3171 3366 3380 3418 3423 3434 3493 3507 3586 361 3649 3832 3938 3958 4048 4060 4112 415 4205 4321 4435 4552 4573 477 4945 509 535 562 645 719 865 99 
1014 1029 1039 1147 1251 1256 1267 1400 1477 1504 1509 1574 1680 1724 1909 1928 1930 1963 1999 2087 2088 2132 220 2263 2375 2400 2492 2514 2542 2572 2590 2662 2670 2764 2838 2877 2904 3012 310 3266 3293 3406 3412 3419 3454 358 3589 3620 3634 3664 3667 3673 3674 3694 3936 3964 3966 3998 4155 4204 4303 4331 4342 4608 462 4680 4726 4741 4875 524 543 587 650 653 659 674 682 741 769 790 801 820 835 840 867 870 890 910 945 
1030 1099 1180 1195 1275 1290 131 1330 1369 1390 1399 1412 1442 1486 1508 1537 1553 1565 1588 1734 174 1746 1882 1948 196 198 1985 1992 2027 2054 2125 2171 2249 2256 2352 2408 2425 2487 2564 2567 2609 2671 2738 2810 2860 2881 3010 3043 3088 309 3098 3102 3111 3191 3274 3400 3413 3458 3575 3619 363 3829 3858 3863 3891 3899 3968 4011 4034 422 4297 4368 4439 4455 4531 4671 4687 478 4791 4879 52 523 533 536 604 676 68 71 731 749 779 792 838 854 934 
1048 1103 1166 1675 1952 2067 2131 3323 368 3857 3864 4173 4359 732 795 
1046 1086 1106 1111 1161 1166 1180 1187 1206 1283 1293 131 1335 1344 1379 1380 1402 1427 1437 1439 1454 1459 147 148 1497 1502 1532 1615 1644 1652 1679 1691 1772 1780 1824 1869 1899 1925 1957 1958 1962 1991 1994 2008 2060 2086 2133 218 2204 2227 2230 2277 236 2371 2379 2392 2410 2485 2490 2502 2516 2570 2578 2645 2653 2697 2706 2765 2793 285 2871 2920 3030 3132 3167 3186 3196 3284 3290 3321 3337 3361 3541 3568 3617 3621 363 3647 368 3680 3696 3723 375 3772 3781 3806 3815 3871 3876 4089 4090 4123 4125 4142 42 4206 4211 4272 4296 4332 437 4447 4448 4456 456 4562 4574 4592 4595 4606 4615 4715 4745 4750 4840 4863 4868 4877 4889 490 4900 4981 507 538 555 611 67 684 685 699 73 734 741 746 774 776 8 814 821 835 900 92 924 936 955 976 
1060 107 112 1125 1182 1218 1246 1274 1277 1278 1341 1420 1498 157 1570 1581 1622 165 1660 1670 1698 1765 1834 1900 1912 195 1975 2024 2037 2087 2163 2207 2210 2224 2453 248 2483 258 2640 2710 2942 2977 3041 3093 3212 3234 3263 3277 3319 3343 344 356 3630 3687 3710 372 3730 377 382 383 3835 3890 4036 4088 4109 4325 4380 4417 4432 445 4522 4528 4583 4640 4767 4780 4864 499 510 624 708 735 741 775 904 
1078 1081 1116 1122 1145 1204 1225 1318 1403 148 1516 1532 160 1708 1731 1744 1873 2013 2069 2170 2183 2204 2464 2465 2476 2519 2578 2656 2671 2677 2694 2733 2839 3026 3032 3074 3156 3227 3452 375 377 4025 4030 4413 4855 526 600 601 694 703 776 833 877 891 892 974 
1514 1803 1999 2412 2642 2730 3344 3564 3609 4372 443 4901 544 569 599 662 890 9 
1006 1092 1113 1178 1250 1319 1324 1347 1392 1395 1476 1521 1561 1616 1771 1777 1794 1805 1827 1844 1853 1855 1882 1920 1941 1954 2012 2030 2067 2098 2141 2196 2198 2215 2235 2237 2255 2286 2390 2407 2427 2482 2524 260 2644 271 2733 2754 2767 2788 2832 2878 2944 2953 2955 2969 3015 3034 3049 3061 3210 3231 326 3292 3518 3589 3611 3731 392 3928 3930 4076 4108 412 4245 4282 4392 4400 4430 4441 4453 4503 4521 4532 4583 4634 4694 4716 4765 4794 4841 4878 499 509 530 578 58 580 645 699 775 791 825 919 92 945 967 979 991 992 
1027 1078 1082 1145 1159 1161 119 1209 1300 147 1691 1747 2007 2251 2414 2639 2641 2667 2744 2925 3022 3202 3356 3452 351 3652 3682 3875 403 4044 4079 4124 4132 4169 4181 423 4232 4252 4352 4398 4454 4511 470 517 544 64 704 825 863 92 986 
1063 1087 13 1445 1555 1625 1653 231 2358 2447 2646 2684 2728 3006 32 3316 3513 370 3793 4064 4172 4266 4314 433 4416 449 4541 4620 4760 4818 4843 4934 513 583 791 858 
1015 1129 1826 1911 23 2321 2691 2709 3066 312 32 428 4344 772 
1010 1142 1208 1220 124 1253 1319 1321 1340 1385 1418 1535 1551 1635 1711 1814 1827 1937 2214 2371 2441 248 2498 2505 2517 2632 2665 273 2732 2843 2889 3040 3041 3045 3201 3215 3298 3336 339 3439 3471 3521 3600 3651 3746 3766 3810 3891 4001 4096 4244 436 4370 4412 4437 4466 4600 4682 4720 4742 477 4774 495 504 513 596 6 700 785 811 
1022 1046 1090 1153 121 1285 1366 1395 1412 145 1482 1533 1562 1677 1696 1753 1948 196 1976 2056 2065 2080 2206 2515 2576 2585 2588 264 2793 2804 2829 2935 2952 2991 3150 3347 3447 3656 3787 3975 4062 4187 4274 4353 437 4397 4470 4502 4543 4622 4651 4673 4706 4729 478 4792 4803 4873 4947 4948 4949 495 499 4990 539 738 743 757 886 896 
1162 1189 1312 1318 1363 1431 1469 1489 1537 1668 1678 1692 1765 1835 1877 1880 1915 1918 194 1948 1975 2156 2202 2357 2391 2459 2466 2506 2508 2538 2540 2578 2605 2738 302 3085 3116 3261 329 3315 3514 3539 3540 3544 3638 3692 3800 3874 3923 3979 4103 4324 4327 4348 4395 4505 451 4573 4622 4636 4701 478 4793 4957 50 511 533 545 588 712 788 82 967 
1162 1227 1302 1476 1485 1602 1662 1700 1784 1897 1925 2689 279 2942 2946 3265 3333 3390 3429 3504 3791 4410 4495 512 609 643 999 
1042 1050 1055 1081 1086 1094 1128 113 1130 1168 1196 1208 1226 1229 1356 138 1410 1444 1453 1500 1530 1594 1595 16 1605 1768 1779 178 1792 184 1885 1965 1973 2021 2142 2170 2181 2188 2190 22 2220 2245 229 2311 2422 2451 2569 2694 2721 2853 2870 2946 295 298 300 3067 31 3104 3422 3468 3492 3514 3691 3693 3764 3808 3878 3882 3906 3939 4140 422 4221 4333 4346 4475 45 4514 453 4653 4654 4729 4833 4906 4964 506 534 585 600 607 613 63 706 709 778 832 855 918 921 926 946 955 956 
1115 1123 1175 1320 1358 1396 1513 158 1678 1725 1823 1939 2019 2050 2247 2356 271 2748 2789 2864 2943 3155 336 3373 3427 3511 3519 3526 3825 3852 4111 4117 4148 417 4326 4330 4376 4431 4625 4629 4644 4912 511 562 604 622 626 655 750 983 
10 1004 1022 1026 1055 1057 1058 1064 1091 11 1102 115 1238 1244 1249 1264 1272 1279 1344 1354 1358 1390 1397 1398 1432 1467 1489 1524 1530 156 1578 1594 1623 1629 1633 1689 1703 1725 173 1734 1737 1743 1746 1755 1783 1848 1864 1875 1881 1902 1913 1925 1929 1960 1962 1974 2004 2022 2045 2050 2056 206 2073 2145 2201 222 2249 2290 2299 2353 2365 2383 2469 2494 2524 2573 2586 2624 2626 2631 271 2714 2735 2772 2814 2855 2881 290 2963 2975 2978 300 3008 3018 3045 3096 3113 3148 3159 318 3218 3253 3257 3297 3381 3544 3617 3633 3640 3719 3782 3801 3844 3851 3937 3967 3981 4058 4131 4150 416 420 4209 4223 4311 4349 437 4399 4419 4462 4509 4565 4658 4674 4722 4766 4784 4787 4791 4812 4837 4845 4856 488 4899 4947 4965 51 52 535 542 566 571 59 612 614 617 640 666 669 681 695 698 706 731 736 750 763 790 816 831 838 939 968 981 99 
1653 1683 1788 1811 1849 1885 2144 2272 2377 2418 2786 2800 2982 3099 3263 3614 3670 3864 4193 4442 4747 
1104 1124 117 1185 1199 1206 1266 1272 1305 1345 1489 156 1592 1594 173 1737 1809 1902 1903 1920 1925 2027 2145 2333 2350 240 2435 2453 2467 2469 2524 2619 262 2956 3086 3153 322 3341 3489 3536 3545 3743 3838 3921 4012 4473 4604 469 4725 4886 563 680 687 743 768 790 810 814 846 885 980 982 
1009 1044 1054 1069 1120 1134 1247 1275 1282 1319 1382 1407 1456 1458 1466 1475 1486 1518 1549 1564 159 161 1616 1626 1676 1715 1724 1728 1735 1771 1806 1813 1851 1853 188 1996 2020 2112 2114 2139 2177 2178 2212 2215 2237 2252 2274 2289 2302 2328 2368 2374 2390 2509 2543 2565 2650 2662 2685 273 2761 2825 2865 2899 2936 2985 3047 3140 3159 3297 330 3342 3344 3383 3430 347 3479 3483 3516 3520 3542 3552 360 364 3773 3796 3807 3846 389 3907 3929 399 4135 4142 4156 425 4259 4275 4283 432 4364 4401 4461 4488 4585 4667 4815 4838 484 4847 4886 494 4953 4966 534 558 580 599 651 66 673 699 712 736 760 766 844 922 990 994 
1003 1007 1101 1109 1152 1154 1158 1170 1171 1179 1220 1228 1260 1294 1370 1395 1404 1418 1442 1461 1462 1523 1586 1590 1599 1645 1662 1664 1673 1758 1812 1860 189 1897 1905 1955 2011 2041 2071 2137 2216 2233 2242 2293 2310 235 2382 2405 2668 2784 2851 2888 2946 2994 3014 3024 3059 3072 3109 3165 3216 3238 3293 3295 3325 3364 3431 3459 3490 3570 3624 3665 3717 3804 3935 3936 3987 4014 4073 411 4126 4283 4290 4313 4340 4416 4499 4534 4712 4880 4943 507 522 526 540 581 592 598 60 607 610 682 686 722 727 75 755 762 791 794 81 819 898 932 990 
110 1136 1223 1360 1432 159 1594 1633 1760 1868 231 2528 2622 2649 300 3038 3460 3733 3758 3946 3976 4056 4132 4145 4821 4841 502 621 706 716 
1005 1146 1247 1319 1616 1771 181 1853 2215 2702 2767 3218 3552 567 580 748 
